1 2
1 3
1 4
1 5
1 6
1 7
1 8
1 9
1 13
1 17
1 21
1 22
1 23
1 24
1 25
1 29
1 30
1 31
1 32
1 33
1 34
1 35
1 36
1 37
1 38
1 39
1 40
2 3
2 4
2 5
2 6
2 7
2 8
2 9
2 13
2 17
2 18
2 19
2 20
2 21
2 25
2 26
2 27
2 28
2 29
2 33
2 34
2 35
2 36
2 37
2 38
2 39
2 40
3 4
3 5
3 6
3 7
3 8
3 9
3 10
3 11
3 12
3 13
3 17
3 21
3 25
3 26
3 27
3 28
3 29
3 30
3 31
3 32
3 33
3 34
3 35
3 36
3 37
4 5
4 6
4 7
4 8
4 9
4 13
4 14
4 15
4 16
4 17
4 18
4 19
4 20
4 21
4 22
4 23
4 24
4 25
4 29
4 33
4 37
4 38
4 39
4 40
5 6
5 7
5 8
5 9
5 13
5 14
5 15
5 16
5 17
5 21
5 25
5 26
5 27
5 28
5 29
5 30
5 31
5 32
5 33
5 37
5 38
5 39
5 40
6 7
6 8
6 9
6 10
6 11
6 12
6 13
6 14
6 15
6 16
6 17
6 18
6 19
6 20
6 21
6 25
6 26
6 27
6 28
6 29
6 33
6 37
7 8
7 9
7 10
7 11
7 12
7 13
7 17
7 18
7 19
7 20
7 21
7 22
7 23
7 24
7 25
7 29
7 33
7 34
7 35
7 36
7 37
8 9
8 10
8 11
8 12
8 13
8 14
8 15
8 16
8 17
8 21
8 22
8 23
8 24
8 25
8 29
8 30
8 31
8 32
8 33
8 37
9 10
9 11
9 12
9 13
9 17
9 21
9 25
9 29
9 33
9 37
10 11
10 12
11 12
13 14
13 15
13 16
13 17
13 21
13 25
13 29
13 33
13 37
14 15
14 16
15 16
17 18
17 19
17 20
17 21
17 25
17 29
17 33
17 37
18 19
18 20
19 20
21 22
21 23
21 24
21 25
21 29
21 33
21 37
22 23
22 24
23 24
25 26
25 27
25 28
25 29
25 33
25 37
26 27
26 28
27 28
29 30
29 31
29 32
29 33
29 37
30 31
30 32
31 32
33 34
33 35
33 36
33 37
34 35
34 36
35 36
37 38
37 39
37 40
38 39
38 40
39 40
