-8.254416932835974876e+02 -8.254145703469810087e+02 -8.254510295242880602e+02 6.086785352647745145e-02 1.725153192485521028e-02 1.090910615842168377e-02
-8.254270939783752965e+02 -8.253939977658843645e+02 -8.254326766161379965e+02 4.805918097568315228e-02 6.967012402419421428e-03 2.630981938276401311e-02
-8.254207029464754442e+02 -8.253958544348699888e+02 -8.254242193340937774e+02 5.358113181541702963e-02 3.074283372831047422e-03 2.997046716199238889e-02
-8.254254218385958666e+02 -8.254000786923057831e+02 -8.254350971596804811e+02 5.415275662303720844e-02 1.048345214626101793e-02 2.496577139480502319e-02
-8.253920167464722226e+02 -8.253757921816719545e+02 -8.254219902099608817e+02 7.251100615955584361e-02 1.574578394401117756e-02 2.279991901076090094e-02
-8.254066533437185171e+02 -8.253878314768704740e+02 -8.254339172410890342e+02 6.168887507967613787e-02 5.987104892392117704e-03 1.417335679550963887e-02
-8.253869661572900895e+02 -8.253665506329039090e+02 -8.254149996644518978e+02 8.423637164930133925e-02 3.803929421154408907e-02 3.370716212872764544e-02
-8.254150945341878014e+02 -8.253861343104010757e+02 -8.254285451700902740e+02 6.463744815668301391e-02 2.656549547004947304e-02 2.524671364579938668e-02
-8.253731410568409501e+02 -8.253467895561720979e+02 -8.254128367815133061e+02 6.281700763104780538e-02 3.646799596410079530e-02 2.742308134582216103e-02
-8.254151826038099671e+02 -8.253979565114602792e+02 -8.254197265470220373e+02 5.022405378683882093e-02 1.167391576620489813e-02 2.890591190224146498e-02
-8.253951178500562946e+02 -8.253775980386808442e+02 -8.254017900425027392e+02 5.935096782728759707e-02 4.484868847055005492e-03 4.217684323435166166e-02
-8.254216253311432183e+02 -8.253968920741131114e+02 -8.254411309248505404e+02 6.024287109083160258e-02 2.635741538855534971e-02 1.495640410185239237e-02
-8.253815515555874072e+02 -8.253666677542403249e+02 -8.254230329007042428e+02 7.375361348428320640e-02 3.008105180758351149e-02 2.507665141323861535e-02
-8.254077186096557170e+02 -8.253891714703976277e+02 -8.253958254806162813e+02 3.689703885233177466e-02 2.050157032817732233e-02 3.763352414052143630e-02
-8.254191123147323879e+02 -8.253894341120761737e+02 -8.254399348527653046e+02 5.756639616785353547e-02 2.225193173025540039e-02 1.964235624471740924e-02
-8.253842928471607365e+02 -8.253739526643632871e+02 -8.254138782238105705e+02 8.337717341129345650e-02 2.592493403241540387e-02 2.944179074994981299e-02
-8.254025696194651118e+02 -8.253826060761895178e+02 -8.254395305247309125e+02 6.066102336512124021e-02 1.851624008133092789e-02 1.929981660179687364e-02
-8.254136002972991264e+02 -8.253924470719848614e+02 -8.254362328942606837e+02 6.359434461846329156e-02 1.667769500122824253e-02 2.141859159571764606e-02
-8.253832650781719167e+02 -8.253518978036705676e+02 -8.254065586176263878e+02 5.610426736674018616e-02 2.807664433266724921e-02 3.166270508401160949e-02
-8.254261908774780068e+02 -8.254077244608934052e+02 -8.254440398818135236e+02 5.457975988970251158e-02 1.863255260106809377e-04 1.494651562459689553e-02
-8.254019041586522007e+02 -8.253823756641678528e+02 -8.254236077777712808e+02 7.045843131291477934e-02 3.900229960826874509e-02 3.137738843778350994e-02
-8.253893641782118493e+02 -8.253656883553391026e+02 -8.254275496581976768e+02 6.696728244508487471e-02 3.021472538868350682e-02 2.507500561478731918e-02
-8.253935366740116706e+02 -8.253772586980932147e+02 -8.254231031329693451e+02 6.297778900839827443e-02 1.848059679950195267e-02 1.990133276512678906e-02
-8.254065594292356991e+02 -8.253877955993972364e+02 -8.254340196354955879e+02 6.525888191404211058e-02 2.027182183258795234e-02 1.796229325942863900e-02
-8.253885936518039443e+02 -8.253683362447577565e+02 -8.254229871763091069e+02 7.025460263859197030e-02 3.043764057255910274e-02 2.267484091079041350e-02
-8.253998567239515296e+02 -8.253749066349506620e+02 -8.254307395441506969e+02 7.125142912703247289e-02 2.649147421793871318e-02 2.308157504173041080e-02
-8.254000832557979948e+02 -8.253888038258764936e+02 -8.254237848521971728e+02 7.681390528668174955e-02 1.723628146703743910e-02 1.841799215974046500e-02
-8.254370881977587260e+02 -8.254087010988441762e+02 -8.254261914460543039e+02 3.708083466091826458e-02 8.820354269433278507e-03 2.250272766883839454e-02
-8.254115700233867301e+02 -8.253909105770928818e+02 -8.254287745863040300e+02 5.758903988089302678e-02 9.965403599569079562e-03 3.161234027611090069e-02
-8.254410100083733823e+02 -8.254150976221615110e+02 -8.254202885828525496e+02 3.497489140071081970e-02 1.713138462488378311e-02 3.084521196330966206e-02
-8.254112138846491007e+02 -8.253884211883765829e+02 -8.254415368698402062e+02 6.152731643003059997e-02 1.965413389295031163e-02 1.510358523511099241e-02
-8.254122798904827505e+02 -8.253871489523442051e+02 -8.254311892585606074e+02 6.867140505783442261e-02 2.178674578523823874e-02 1.877608863733319644e-02
-8.253981203707578516e+02 -8.253732838846207187e+02 -8.254200611379800421e+02 6.468758113955344613e-02 1.881192473814126409e-02 3.220433252395474288e-02
-8.254303416187805169e+02 -8.253929574663890207e+02 -8.254162388197482869e+02 3.031629369121241827e-02 7.791449913993000846e-03 3.523608386240630747e-02
-8.253991872233631284e+02 -8.253815806337886443e+02 -8.254379077248818248e+02 5.938227576238043481e-02 1.641342934826970495e-02 1.415634534902294669e-02
-8.253946916703401939e+02 -8.253809375865993161e+02 -8.254076652591543279e+02 7.364565355764324250e-02 1.960676405793406255e-02 3.429851479967949840e-02
-8.253967431837036202e+02 -8.253654498965806852e+02 -8.254372002312103405e+02 5.253806153701037068e-02 2.506783471650013070e-02 1.077652199360161142e-02
-8.254040909359407578e+02 -8.253833297408756380e+02 -8.254296500159429115e+02 7.048584975533166153e-02 2.241769606002871548e-02 2.670776390333513828e-02
-8.253822542741734196e+02 -8.253664948880817747e+02 -8.254252481850736558e+02 6.414392840109900407e-02 1.665837006996682967e-02 2.054309456395840908e-02
-8.254044732430687645e+02 -8.253700111342802757e+02 -8.254221892082259728e+02 6.136285474485252134e-02 3.623935261481567999e-02 3.565441750025667017e-02
-8.253892841822738546e+02 -8.253686879118520210e+02 -8.254248485576453049e+02 7.466515819316019154e-02 2.985878376191718891e-02 2.755253711043771994e-02
-8.254335162619744324e+02 -8.253982706565043372e+02 -8.254108213199751845e+02 3.509712096214433197e-02 1.075339630179434833e-02 4.439374020019632577e-02
-8.253848603423069790e+02 -8.253624488263146759e+02 -8.254166577865556746e+02 7.301728932133254302e-02 3.274804486875806941e-02 2.478670667967482547e-02
-8.254523537052078836e+02 -8.254208774575930647e+02 -8.254296153400205185e+02 3.340835625101262751e-02 1.670912414749660749e-02 3.029174540180567046e-02
-8.254047900444328434e+02 -8.253782177130688069e+02 -8.254322394822216893e+02 6.073518479815909199e-02 2.468969082531160750e-02 1.725530070758216766e-02
-8.253975757765268781e+02 -8.253795641719191281e+02 -8.254141425651326927e+02 7.643802020431691990e-02 2.758848335450345482e-02 2.688928643691701828e-02
-8.254101336104221218e+02 -8.253971129297397056e+02 -8.254132486776439919e+02 5.831900714200794617e-02 1.058640608476019585e-03 2.554529360117826706e-02
-8.254010979699917243e+02 -8.253839604045538181e+02 -8.254369097993027253e+02 6.963113864428821520e-02 2.609498763909605737e-02 1.976099127348147216e-02
-8.254228669109828616e+02 -8.253881282693344019e+02 -8.254423884475850173e+02 5.221989258442895354e-02 2.168548809210147851e-02 1.777856519640303237e-02
-8.254076468662524348e+02 -8.253856361632747394e+02 -8.254352994365317500e+02 6.357626905468599654e-02 1.781361740110605149e-02 1.619854053161180751e-02
-8.253847982926300801e+02 -8.253691840115096738e+02 -8.254200380847051974e+02 7.152089312804711663e-02 2.632695649710732957e-02 2.672523425760995469e-02
-8.254052009171209647e+02 -8.253824276804930378e+02 -8.254286784699687587e+02 6.462287886517659175e-02 2.632386490321042202e-02 2.293158994478125198e-02
-8.253886741970534331e+02 -8.253677810476741570e+02 -8.254195063675704205e+02 6.393065090527463856e-02 2.485123618479626040e-02 2.578486432410638518e-02
-8.253812861127282758e+02 -8.253633543481454353e+02 -8.254254588963665356e+02 7.993883725277169117e-02 3.683776906687434571e-02 2.987662485953494415e-02
-8.253871120073105203e+02 -8.253657983710189683e+02 -8.254324002996000900e+02 6.360093295489824272e-02 2.275703357177124436e-02 1.474144091431105717e-02
-8.253776957897830471e+02 -8.253581901799507250e+02 -8.254198528443905616e+02 7.109001855069417564e-02 2.510941924429515790e-02 2.657345966513373695e-02
-8.254244140682803845e+02 -8.253820487604618847e+02 -8.254314808699629111e+02 4.911132667259023032e-02 1.851814072861901472e-02 2.843704100307764548e-02
-8.253677075121678399e+02 -8.253529920491565690e+02 -8.254117221263585407e+02 8.509188610795365149e-02 3.580888495599513638e-02 3.435731777702767664e-02
-8.253904553687594898e+02 -8.253633369442754883e+02 -8.254260258505394177e+02 6.447827661851317227e-02 3.142590767489354675e-02 2.579506088278362211e-02
-8.254048995395193060e+02 -8.253833879020260156e+02 -8.254321940708643979e+02 6.855630359001654850e-02 2.396178437586624077e-02 2.324213512481847557e-02
-8.254211242375390611e+02 -8.253915485424114422e+02 -8.254389172804134205e+02 4.914771213215867601e-02 6.910889497792047954e-03 1.960748924445278665e-02
-8.254157877316019949e+02 -8.253877400223623226e+02 -8.254498490975614686e+02 5.749562401124329314e-02 1.768002421941023208e-02 1.386023372962867650e-02
-8.253919240788762863e+02 -8.253682271217222706e+02 -8.254356696438310337e+02 7.167066858997049594e-02 2.820635088365100809e-02 2.110524395689846247e-02
-8.254286093692563782e+02 -8.254056107015002226e+02 -8.254106466523245444e+02 3.751888114553442871e-02 2.064605122762878942e-02 3.832069904274220534e-02
-8.253926063330093257e+02 -8.253730000682579657e+02 -8.254360661992843688e+02 6.987150069011481557e-02 2.460569515213608185e-02 1.920464559512326946e-02
-8.253868055468441298e+02 -8.253688025075772430e+02 -8.253963026231833737e+02 5.833650063636776351e-02 3.610588218200776970e-03 4.303703612486897701e-02
-8.254029522415880820e+02 -8.253878465110308298e+02 -8.254399800427668197e+02 7.715550150930931828e-02 1.922805505375979260e-02 1.603627238992657786e-02
-8.253815728748653555e+02 -8.253638699890293537e+02 -8.254111064539117706e+02 7.465272169312353601e-02 3.413583389433975934e-02 2.788677324869887064e-02
-8.254032281193211702e+02 -8.253847438161984655e+02 -8.254206120161954914e+02 6.440132931765134294e-02 1.778419320867496989e-02 2.273429441591366673e-02
-8.253967219215354589e+02 -8.253798858156374081e+02 -8.254404270608210936e+02 6.304535129024903262e-02 2.863506490458962717e-02 1.778172328856111178e-02
-8.254071243573482661e+02 -8.253846346416848974e+02 -8.254433039325803065e+02 5.564857095355948274e-02 1.292433867886803520e-02 1.021379348188214929e-02
-8.253819229877299222e+02 -8.253665351894885589e+02 -8.254218345300712372e+02 7.204725118693232344e-02 2.820668850879485406e-02 2.721736367768124235e-02
-8.253967601867238955e+02 -8.253779122605385510e+02 -8.254259892923651023e+02 6.460237236133940797e-02 1.816913590522075544e-02 2.117237603057686365e-02
-8.253887569586148629e+02 -8.253655161462646674e+02 -8.254204209909647716e+02 7.151307602763992688e-02 2.878906126031290785e-02 2.207149259303542790e-02
-8.254305157259074122e+02 -8.254001823910340363e+02 -8.254244994844564189e+02 4.296507077142441844e-02 2.845159331310048289e-03 3.028849401098629782e-02
-8.254268457224303575e+02 -8.253935575587252060e+02 -8.254150557791117535e+02 4.417207943851669816e-02 3.302281043343983143e-03 3.297225932326143527e-02
-8.254011008959655555e+02 -8.253765554250300056e+02 -8.254085985660896085e+02 6.092801233855943410e-02 1.361636673304118632e-02 4.093904465746113497e-02
-8.254011456454185236e+02 -8.253753578679517204e+02 -8.254245164893184210e+02 6.202373943697141873e-02 1.879433587659165225e-02 2.770675882799690515e-02
-8.254107487783776378e+02 -8.253862408744518007e+02 -8.254140631604516329e+02 5.416482287112577704e-02 2.224267498449582648e-03 3.605940738512045107e-02
-8.254083041140009982e+02 -8.253804208053071534e+02 -8.254354517132461524e+02 6.283963409251613896e-02 2.055015297261997623e-02 1.793896111295461768e-02
-8.253907583152777079e+02 -8.253780621920699332e+02 -8.254242370866957117e+02 7.221339285814494524e-02 1.846671138936276449e-02 2.177839713748030634e-02
-8.254153541987326435e+02 -8.253905429942186629e+02 -8.254140480303597087e+02 4.554218603956658451e-02 3.607366226842530308e-03 3.433688889287656032e-02
-8.254356864904312943e+02 -8.254088923762234344e+02 -8.254157931701508915e+02 3.728704785105902558e-02 1.308871128553841350e-02 3.881327476194623705e-02
-8.254249094761264587e+02 -8.253939337544833279e+02 -8.254368385787053057e+02 5.633958434142299909e-02 1.238502736643597169e-02 2.117551424412031022e-02
-8.254079053284518750e+02 -8.253722050165074506e+02 -8.254277228915427713e+02 6.376390331734041461e-02 3.588843322729345919e-02 3.015512910933880811e-02
-8.254239150220298598e+02 -8.253947458686533309e+02 -8.254468820689673976e+02 5.958666937186794799e-02 2.164515966384355367e-02 1.613716290077336218e-02
-8.254150441574186061e+02 -8.253781833358939366e+02 -8.254322839909186769e+02 5.805043629824643836e-02 2.824562811930545619e-02 2.440713067552337592e-02
-8.253745265542323750e+02 -8.253587017561144421e+02 -8.254078398908019381e+02 6.624420407662187649e-02 3.986618178255827566e-02 3.095089560144093435e-02
-8.254279485696056327e+02 -8.253941964368895015e+02 -8.254358104819170876e+02 5.939642759617294598e-02 1.789344683242072298e-02 2.707569338104505105e-02
-8.253880870682963860e+02 -8.253711903224032085e+02 -8.254287071236788051e+02 7.549964276904802540e-02 2.522166684282090704e-02 1.869590503935871298e-02
-8.253993174619869251e+02 -8.253798947918061231e+02 -8.254229391386575116e+02 6.338104920733490799e-02 2.713795118290698513e-02 2.322083400900810599e-02
-8.253990272047296912e+02 -8.253851591112454571e+02 -8.254252481551999381e+02 7.602479020898596229e-02 2.202139280021098156e-02 2.305279644998529595e-02
-8.253714172330275005e+02 -8.253650151672499078e+02 -8.253951397299707651e+02 7.434164631097393838e-02 1.008290075983847220e-02 4.869575750088982191e-02
-8.254008859558150561e+02 -8.253811177151803804e+02 -8.254334575661498548e+02 6.265927694554158933e-02 2.593877235543063167e-02 1.982253018866194164e-02
-8.254059463984081049e+02 -8.253853222933967118e+02 -8.254079357069985008e+02 5.316380490782079971e-02 3.811604151601770754e-03 3.321177015330396137e-02
-8.253960186911534720e+02 -8.253779132607678548e+02 -8.254080622657174899e+02 5.667138472134537058e-02 7.433016105261434740e-03 3.105494831370939762e-02
-8.254239222076141687e+02 -8.254056075383280131e+02 -8.254287364725365705e+02 6.858364414776471629e-02 5.216767648956169810e-03 2.518232930787329960e-02
-8.253873030574296763e+02 -8.253662784423567018e+02 -8.254263898134523743e+02 6.803571866503257959e-02 2.947108786443464537e-02 1.986728663620952393e-02
-8.254362465246875900e+02 -8.254072554551065650e+02 -8.254347843154411066e+02 5.542582445841447158e-02 1.580760800463024834e-02 2.003378753314244767e-02
-8.253861474875640170e+02 -8.253661646687144184e+02 -8.254252286720509346e+02 6.960150289625070819e-02 1.587100615550050137e-02 1.955939798164424773e-02
-8.254416932835974876e+02 -8.254145703469810087e+02 -8.254510295242880602e+02 6.086785352647745145e-02 1.725153192485521028e-02 1.090910615842168377e-02
-8.254270939783752965e+02 -8.253939977658843645e+02 -8.254326766161379965e+02 4.805918097568315228e-02 6.967012402419421428e-03 2.630981938276401311e-02
-8.254207029464754442e+02 -8.253958544348699888e+02 -8.254242193340937774e+02 5.358113181541702963e-02 3.074283372831047422e-03 2.997046716199238889e-02
-8.254254218385958666e+02 -8.254000786923057831e+02 -8.254350971596804811e+02 5.415275662303720844e-02 1.048345214626101793e-02 2.496577139480502319e-02
-8.253920167464722226e+02 -8.253757921816719545e+02 -8.254219902099608817e+02 7.251100615955584361e-02 1.574578394401117756e-02 2.279991901076090094e-02
-8.254066533437185171e+02 -8.253878314768704740e+02 -8.254339172410890342e+02 6.168887507967613787e-02 5.987104892392117704e-03 1.417335679550963887e-02
-8.253869661572900895e+02 -8.253665506329039090e+02 -8.254149996644518978e+02 8.423637164930133925e-02 3.803929421154408907e-02 3.370716212872764544e-02
-8.254150945341878014e+02 -8.253861343104010757e+02 -8.254285451700902740e+02 6.463744815668301391e-02 2.656549547004947304e-02 2.524671364579938668e-02
-8.253731410568409501e+02 -8.253467895561720979e+02 -8.254128367815133061e+02 6.281700763104780538e-02 3.646799596410079530e-02 2.742308134582216103e-02
-8.254151826038099671e+02 -8.253979565114602792e+02 -8.254197265470220373e+02 5.022405378683882093e-02 1.167391576620489813e-02 2.890591190224146498e-02
-8.253951178500562946e+02 -8.253775980386808442e+02 -8.254017900425027392e+02 5.935096782728759707e-02 4.484868847055005492e-03 4.217684323435166166e-02
-8.254216253311432183e+02 -8.253968920741131114e+02 -8.254411309248505404e+02 6.024287109083160258e-02 2.635741538855534971e-02 1.495640410185239237e-02
-8.253815515555874072e+02 -8.253666677542403249e+02 -8.254230329007042428e+02 7.375361348428320640e-02 3.008105180758351149e-02 2.507665141323861535e-02
-8.254077186096557170e+02 -8.253891714703976277e+02 -8.253958254806162813e+02 3.689703885233177466e-02 2.050157032817732233e-02 3.763352414052143630e-02
-8.254191123147323879e+02 -8.253894341120761737e+02 -8.254399348527653046e+02 5.756639616785353547e-02 2.225193173025540039e-02 1.964235624471740924e-02
-8.253842928471607365e+02 -8.253739526643632871e+02 -8.254138782238105705e+02 8.337717341129345650e-02 2.592493403241540387e-02 2.944179074994981299e-02
-8.254025696194651118e+02 -8.253826060761895178e+02 -8.254395305247309125e+02 6.066102336512124021e-02 1.851624008133092789e-02 1.929981660179687364e-02
-8.254136002972991264e+02 -8.253924470719848614e+02 -8.254362328942606837e+02 6.359434461846329156e-02 1.667769500122824253e-02 2.141859159571764606e-02
-8.253832650781719167e+02 -8.253518978036705676e+02 -8.254065586176263878e+02 5.610426736674018616e-02 2.807664433266724921e-02 3.166270508401160949e-02
-8.254261908774780068e+02 -8.254077244608934052e+02 -8.254440398818135236e+02 5.457975988970251158e-02 1.863255260106809377e-04 1.494651562459689553e-02
-8.254019041586522007e+02 -8.253823756641678528e+02 -8.254236077777712808e+02 7.045843131291477934e-02 3.900229960826874509e-02 3.137738843778350994e-02
-8.253893641782118493e+02 -8.253656883553391026e+02 -8.254275496581976768e+02 6.696728244508487471e-02 3.021472538868350682e-02 2.507500561478731918e-02
-8.253935366740116706e+02 -8.253772586980932147e+02 -8.254231031329693451e+02 6.297778900839827443e-02 1.848059679950195267e-02 1.990133276512678906e-02
-8.254065594292356991e+02 -8.253877955993972364e+02 -8.254340196354955879e+02 6.525888191404211058e-02 2.027182183258795234e-02 1.796229325942863900e-02
-8.253885936518039443e+02 -8.253683362447577565e+02 -8.254229871763091069e+02 7.025460263859197030e-02 3.043764057255910274e-02 2.267484091079041350e-02
-8.253998567239515296e+02 -8.253749066349506620e+02 -8.254307395441506969e+02 7.125142912703247289e-02 2.649147421793871318e-02 2.308157504173041080e-02
-8.254000832557979948e+02 -8.253888038258764936e+02 -8.254237848521971728e+02 7.681390528668174955e-02 1.723628146703743910e-02 1.841799215974046500e-02
-8.254370881977587260e+02 -8.254087010988441762e+02 -8.254261914460543039e+02 3.708083466091826458e-02 8.820354269433278507e-03 2.250272766883839454e-02
-8.254115700233867301e+02 -8.253909105770928818e+02 -8.254287745863040300e+02 5.758903988089302678e-02 9.965403599569079562e-03 3.161234027611090069e-02
-8.254410100083733823e+02 -8.254150976221615110e+02 -8.254202885828525496e+02 3.497489140071081970e-02 1.713138462488378311e-02 3.084521196330966206e-02
-8.254112138846491007e+02 -8.253884211883765829e+02 -8.254415368698402062e+02 6.152731643003059997e-02 1.965413389295031163e-02 1.510358523511099241e-02
-8.254122798904827505e+02 -8.253871489523442051e+02 -8.254311892585606074e+02 6.867140505783442261e-02 2.178674578523823874e-02 1.877608863733319644e-02
-8.253981203707578516e+02 -8.253732838846207187e+02 -8.254200611379800421e+02 6.468758113955344613e-02 1.881192473814126409e-02 3.220433252395474288e-02
-8.254303416187805169e+02 -8.253929574663890207e+02 -8.254162388197482869e+02 3.031629369121241827e-02 7.791449913993000846e-03 3.523608386240630747e-02
-8.253991872233631284e+02 -8.253815806337886443e+02 -8.254379077248818248e+02 5.938227576238043481e-02 1.641342934826970495e-02 1.415634534902294669e-02
-8.253946916703401939e+02 -8.253809375865993161e+02 -8.254076652591543279e+02 7.364565355764324250e-02 1.960676405793406255e-02 3.429851479967949840e-02
-8.253967431837036202e+02 -8.253654498965806852e+02 -8.254372002312103405e+02 5.253806153701037068e-02 2.506783471650013070e-02 1.077652199360161142e-02
-8.254040909359407578e+02 -8.253833297408756380e+02 -8.254296500159429115e+02 7.048584975533166153e-02 2.241769606002871548e-02 2.670776390333513828e-02
-8.253822542741734196e+02 -8.253664948880817747e+02 -8.254252481850736558e+02 6.414392840109900407e-02 1.665837006996682967e-02 2.054309456395840908e-02
-8.254044732430687645e+02 -8.253700111342802757e+02 -8.254221892082259728e+02 6.136285474485252134e-02 3.623935261481567999e-02 3.565441750025667017e-02
-8.253892841822738546e+02 -8.253686879118520210e+02 -8.254248485576453049e+02 7.466515819316019154e-02 2.985878376191718891e-02 2.755253711043771994e-02
-8.254335162619744324e+02 -8.253982706565043372e+02 -8.254108213199751845e+02 3.509712096214433197e-02 1.075339630179434833e-02 4.439374020019632577e-02
-8.253848603423069790e+02 -8.253624488263146759e+02 -8.254166577865556746e+02 7.301728932133254302e-02 3.274804486875806941e-02 2.478670667967482547e-02
-8.254523537052078836e+02 -8.254208774575930647e+02 -8.254296153400205185e+02 3.340835625101262751e-02 1.670912414749660749e-02 3.029174540180567046e-02
-8.254047900444328434e+02 -8.253782177130688069e+02 -8.254322394822216893e+02 6.073518479815909199e-02 2.468969082531160750e-02 1.725530070758216766e-02
-8.253975757765268781e+02 -8.253795641719191281e+02 -8.254141425651326927e+02 7.643802020431691990e-02 2.758848335450345482e-02 2.688928643691701828e-02
-8.254101336104221218e+02 -8.253971129297397056e+02 -8.254132486776439919e+02 5.831900714200794617e-02 1.058640608476019585e-03 2.554529360117826706e-02
-8.254010979699917243e+02 -8.253839604045538181e+02 -8.254369097993027253e+02 6.963113864428821520e-02 2.609498763909605737e-02 1.976099127348147216e-02
-8.254228669109828616e+02 -8.253881282693344019e+02 -8.254423884475850173e+02 5.221989258442895354e-02 2.168548809210147851e-02 1.777856519640303237e-02
-8.254076468662524348e+02 -8.253856361632747394e+02 -8.254352994365317500e+02 6.357626905468599654e-02 1.781361740110605149e-02 1.619854053161180751e-02
-8.253847982926300801e+02 -8.253691840115096738e+02 -8.254200380847051974e+02 7.152089312804711663e-02 2.632695649710732957e-02 2.672523425760995469e-02
-8.254052009171209647e+02 -8.253824276804930378e+02 -8.254286784699687587e+02 6.462287886517659175e-02 2.632386490321042202e-02 2.293158994478125198e-02
-8.253886741970534331e+02 -8.253677810476741570e+02 -8.254195063675704205e+02 6.393065090527463856e-02 2.485123618479626040e-02 2.578486432410638518e-02
-8.253812861127282758e+02 -8.253633543481454353e+02 -8.254254588963665356e+02 7.993883725277169117e-02 3.683776906687434571e-02 2.987662485953494415e-02
-8.253871120073105203e+02 -8.253657983710189683e+02 -8.254324002996000900e+02 6.360093295489824272e-02 2.275703357177124436e-02 1.474144091431105717e-02
-8.253776957897830471e+02 -8.253581901799507250e+02 -8.254198528443905616e+02 7.109001855069417564e-02 2.510941924429515790e-02 2.657345966513373695e-02
-8.254244140682803845e+02 -8.253820487604618847e+02 -8.254314808699629111e+02 4.911132667259023032e-02 1.851814072861901472e-02 2.843704100307764548e-02
-8.253677075121678399e+02 -8.253529920491565690e+02 -8.254117221263585407e+02 8.509188610795365149e-02 3.580888495599513638e-02 3.435731777702767664e-02
-8.253904553687594898e+02 -8.253633369442754883e+02 -8.254260258505394177e+02 6.447827661851317227e-02 3.142590767489354675e-02 2.579506088278362211e-02
-8.254048995395193060e+02 -8.253833879020260156e+02 -8.254321940708643979e+02 6.855630359001654850e-02 2.396178437586624077e-02 2.324213512481847557e-02
-8.254211242375390611e+02 -8.253915485424114422e+02 -8.254389172804134205e+02 4.914771213215867601e-02 6.910889497792047954e-03 1.960748924445278665e-02
-8.254157877316019949e+02 -8.253877400223623226e+02 -8.254498490975614686e+02 5.749562401124329314e-02 1.768002421941023208e-02 1.386023372962867650e-02
-8.253919240788762863e+02 -8.253682271217222706e+02 -8.254356696438310337e+02 7.167066858997049594e-02 2.820635088365100809e-02 2.110524395689846247e-02
-8.254286093692563782e+02 -8.254056107015002226e+02 -8.254106466523245444e+02 3.751888114553442871e-02 2.064605122762878942e-02 3.832069904274220534e-02
-8.253926063330093257e+02 -8.253730000682579657e+02 -8.254360661992843688e+02 6.987150069011481557e-02 2.460569515213608185e-02 1.920464559512326946e-02
-8.253868055468441298e+02 -8.253688025075772430e+02 -8.253963026231833737e+02 5.833650063636776351e-02 3.610588218200776970e-03 4.303703612486897701e-02
-8.254029522415880820e+02 -8.253878465110308298e+02 -8.254399800427668197e+02 7.715550150930931828e-02 1.922805505375979260e-02 1.603627238992657786e-02
-8.253815728748653555e+02 -8.253638699890293537e+02 -8.254111064539117706e+02 7.465272169312353601e-02 3.413583389433975934e-02 2.788677324869887064e-02
-8.254032281193211702e+02 -8.253847438161984655e+02 -8.254206120161954914e+02 6.440132931765134294e-02 1.778419320867496989e-02 2.273429441591366673e-02
-8.253967219215354589e+02 -8.253798858156374081e+02 -8.254404270608210936e+02 6.304535129024903262e-02 2.863506490458962717e-02 1.778172328856111178e-02
-8.254071243573482661e+02 -8.253846346416848974e+02 -8.254433039325803065e+02 5.564857095355948274e-02 1.292433867886803520e-02 1.021379348188214929e-02
-8.253819229877299222e+02 -8.253665351894885589e+02 -8.254218345300712372e+02 7.204725118693232344e-02 2.820668850879485406e-02 2.721736367768124235e-02
-8.253967601867238955e+02 -8.253779122605385510e+02 -8.254259892923651023e+02 6.460237236133940797e-02 1.816913590522075544e-02 2.117237603057686365e-02
-8.253887569586148629e+02 -8.253655161462646674e+02 -8.254204209909647716e+02 7.151307602763992688e-02 2.878906126031290785e-02 2.207149259303542790e-02
-8.254305157259074122e+02 -8.254001823910340363e+02 -8.254244994844564189e+02 4.296507077142441844e-02 2.845159331310048289e-03 3.028849401098629782e-02
-8.254268457224303575e+02 -8.253935575587252060e+02 -8.254150557791117535e+02 4.417207943851669816e-02 3.302281043343983143e-03 3.297225932326143527e-02
-8.254011008959655555e+02 -8.253765554250300056e+02 -8.254085985660896085e+02 6.092801233855943410e-02 1.361636673304118632e-02 4.093904465746113497e-02
-8.254011456454185236e+02 -8.253753578679517204e+02 -8.254245164893184210e+02 6.202373943697141873e-02 1.879433587659165225e-02 2.770675882799690515e-02
-8.254107487783776378e+02 -8.253862408744518007e+02 -8.254140631604516329e+02 5.416482287112577704e-02 2.224267498449582648e-03 3.605940738512045107e-02
-8.254083041140009982e+02 -8.253804208053071534e+02 -8.254354517132461524e+02 6.283963409251613896e-02 2.055015297261997623e-02 1.793896111295461768e-02
-8.253907583152777079e+02 -8.253780621920699332e+02 -8.254242370866957117e+02 7.221339285814494524e-02 1.846671138936276449e-02 2.177839713748030634e-02
-8.254153541987326435e+02 -8.253905429942186629e+02 -8.254140480303597087e+02 4.554218603956658451e-02 3.607366226842530308e-03 3.433688889287656032e-02
-8.254356864904312943e+02 -8.254088923762234344e+02 -8.254157931701508915e+02 3.728704785105902558e-02 1.308871128553841350e-02 3.881327476194623705e-02
-8.254249094761264587e+02 -8.253939337544833279e+02 -8.254368385787053057e+02 5.633958434142299909e-02 1.238502736643597169e-02 2.117551424412031022e-02
-8.254079053284518750e+02 -8.253722050165074506e+02 -8.254277228915427713e+02 6.376390331734041461e-02 3.588843322729345919e-02 3.015512910933880811e-02
-8.254239150220298598e+02 -8.253947458686533309e+02 -8.254468820689673976e+02 5.958666937186794799e-02 2.164515966384355367e-02 1.613716290077336218e-02
-8.254150441574186061e+02 -8.253781833358939366e+02 -8.254322839909186769e+02 5.805043629824643836e-02 2.824562811930545619e-02 2.440713067552337592e-02
-8.253745265542323750e+02 -8.253587017561144421e+02 -8.254078398908019381e+02 6.624420407662187649e-02 3.986618178255827566e-02 3.095089560144093435e-02
-8.254279485696056327e+02 -8.253941964368895015e+02 -8.254358104819170876e+02 5.939642759617294598e-02 1.789344683242072298e-02 2.707569338104505105e-02
-8.253880870682963860e+02 -8.253711903224032085e+02 -8.254287071236788051e+02 7.549964276904802540e-02 2.522166684282090704e-02 1.869590503935871298e-02
-8.253993174619869251e+02 -8.253798947918061231e+02 -8.254229391386575116e+02 6.338104920733490799e-02 2.713795118290698513e-02 2.322083400900810599e-02
-8.253990272047296912e+02 -8.253851591112454571e+02 -8.254252481551999381e+02 7.602479020898596229e-02 2.202139280021098156e-02 2.305279644998529595e-02
-8.253714172330275005e+02 -8.253650151672499078e+02 -8.253951397299707651e+02 7.434164631097393838e-02 1.008290075983847220e-02 4.869575750088982191e-02
-8.254008859558150561e+02 -8.253811177151803804e+02 -8.254334575661498548e+02 6.265927694554158933e-02 2.593877235543063167e-02 1.982253018866194164e-02
-8.254059463984081049e+02 -8.253853222933967118e+02 -8.254079357069985008e+02 5.316380490782079971e-02 3.811604151601770754e-03 3.321177015330396137e-02
-8.253960186911534720e+02 -8.253779132607678548e+02 -8.254080622657174899e+02 5.667138472134537058e-02 7.433016105261434740e-03 3.105494831370939762e-02
-8.254239222076141687e+02 -8.254056075383280131e+02 -8.254287364725365705e+02 6.858364414776471629e-02 5.216767648956169810e-03 2.518232930787329960e-02
-8.253873030574296763e+02 -8.253662784423567018e+02 -8.254263898134523743e+02 6.803571866503257959e-02 2.947108786443464537e-02 1.986728663620952393e-02
-8.254362465403559099e+02 -8.254072554551065650e+02 -8.254347843112350347e+02 5.542580230007931180e-02 1.580760800463024834e-02 2.003378158478770488e-02
-8.253861475033601209e+02 -8.253661646881294018e+02 -8.254252286763271513e+02 6.960143660218594264e-02 1.587095104440314902e-02 1.955938003722334367e-02
