1 2
1 3
1 4
1 5
1 6
1 7
1 8
1 9
1 13
1 17
1 18
1 19
1 20
1 21
1 25
1 26
1 27
1 28
1 29
1 30
1 31
1 32
1 33
1 37
1 38
1 39
1 40
2 3
2 4
2 5
2 6
2 7
2 8
2 9
2 13
2 17
2 21
2 22
2 23
2 24
2 25
2 26
2 27
2 28
2 29
2 33
2 34
2 35
2 36
2 37
2 38
2 39
2 40
3 4
3 5
3 6
3 7
3 8
3 9
3 10
3 11
3 12
3 13
3 17
3 21
3 25
3 26
3 27
3 28
3 29
3 30
3 31
3 32
3 33
3 34
3 35
3 36
3 37
4 5
4 6
4 7
4 8
4 9
4 13
4 14
4 15
4 16
4 17
4 18
4 19
4 20
4 21
4 22
4 23
4 24
4 25
4 29
4 33
4 37
4 38
4 39
4 40
5 6
5 7
5 8
5 9
5 13
5 14
5 15
5 16
5 17
5 21
5 25
5 29
5 30
5 31
5 32
5 33
5 34
5 35
5 36
5 37
5 38
5 39
5 40
6 7
6 8
6 9
6 10
6 11
6 12
6 13
6 14
6 15
6 16
6 17
6 21
6 22
6 23
6 24
6 25
6 29
6 33
6 34
6 35
6 36
6 37
7 8
7 9
7 10
7 11
7 12
7 13
7 17
7 18
7 19
7 20
7 21
7 22
7 23
7 24
7 25
7 26
7 27
7 28
7 29
7 33
7 37
8 9
8 10
8 11
8 12
8 13
8 14
8 15
8 16
8 17
8 18
8 19
8 20
8 21
8 25
8 29
8 30
8 31
8 32
8 33
8 37
9 10
9 11
9 12
9 13
9 17
9 21
9 25
9 29
9 33
9 37
10 11
10 12
10 14
10 15
10 16
10 18
10 19
10 20
10 22
10 23
10 24
10 26
10 27
10 28
10 30
10 31
10 32
10 34
10 35
10 36
11 12
11 14
11 15
11 16
11 18
11 19
11 20
11 22
11 23
11 24
11 26
11 27
11 28
11 30
11 31
11 32
11 34
11 35
11 36
12 14
12 15
12 16
12 18
12 19
12 20
12 22
12 23
12 24
12 26
12 27
12 28
12 30
12 31
12 32
12 34
12 35
12 36
13 14
13 15
13 16
13 17
13 21
13 25
13 29
13 33
13 37
14 15
14 16
14 18
14 19
14 20
14 22
14 23
14 24
14 30
14 31
14 32
14 34
14 35
14 36
14 38
14 39
14 40
15 16
15 18
15 19
15 20
15 22
15 23
15 24
15 30
15 31
15 32
15 34
15 35
15 36
15 38
15 39
15 40
16 18
16 19
16 20
16 22
16 23
16 24
16 30
16 31
16 32
16 34
16 35
16 36
16 38
16 39
16 40
17 18
17 19
17 20
17 21
17 25
17 29
17 33
17 37
18 19
18 20
18 22
18 23
18 24
18 26
18 27
18 28
18 30
18 31
18 32
18 38
18 39
18 40
19 20
19 22
19 23
19 24
19 26
19 27
19 28
19 30
19 31
19 32
19 38
19 39
19 40
20 22
20 23
20 24
20 26
20 27
20 28
20 30
20 31
20 32
20 38
20 39
20 40
21 22
21 23
21 24
21 25
21 29
21 33
21 37
22 23
22 24
22 26
22 27
22 28
22 34
22 35
22 36
22 38
22 39
22 40
23 24
23 26
23 27
23 28
23 34
23 35
23 36
23 38
23 39
23 40
24 26
24 27
24 28
24 34
24 35
24 36
24 38
24 39
24 40
25 26
25 27
25 28
25 29
25 33
25 37
26 27
26 28
26 30
26 31
26 32
26 34
26 35
26 36
26 38
26 39
26 40
27 28
27 30
27 31
27 32
27 34
27 35
27 36
27 38
27 39
27 40
28 30
28 31
28 32
28 34
28 35
28 36
28 38
28 39
28 40
29 30
29 31
29 32
29 33
29 37
30 31
30 32
30 34
30 35
30 36
30 38
30 39
30 40
31 32
31 34
31 35
31 36
31 38
31 39
31 40
32 34
32 35
32 36
32 38
32 39
32 40
33 34
33 35
33 36
33 37
34 35
34 36
34 38
34 39
34 40
35 36
35 38
35 39
35 40
36 38
36 39
36 40
37 38
37 39
37 40
38 39
38 40
39 40
