-8.257171840752008620e+02 -8.255356176691176415e+02 -8.255112866779920751e+02 1.458113715736405287e-03 1.222852521272313042e-03 6.308546532060001688e-04
-8.257189073020721253e+02 -8.255289233259516095e+02 -8.255033204145562422e+02 1.040586196893905261e-04 2.495387084028280922e-04 1.029336717222972093e-04
-8.257097603804178334e+02 -8.255198988740739878e+02 -8.254877852207041542e+02 1.414896812284093626e-04 5.302333594382765232e-04 5.297894836252864306e-04
-8.257049524831516010e+02 -8.255011393529772477e+02 -8.254834828854004627e+02 4.009406407368830048e-04 8.170065760647297762e-04 9.172661487564446854e-04
-8.257119193753143236e+02 -8.255298822064820570e+02 -8.255035710996691023e+02 3.661860651709874723e-03 3.514179424909856086e-03 1.230991634211960799e-03
-8.257093633727731685e+02 -8.255290878992665284e+02 -8.254998302347244135e+02 2.258513532055749255e-04 5.877603666702204419e-04 2.627279298036197118e-04
-8.257030823485318933e+02 -8.255169386471834514e+02 -8.254945260597825154e+02 4.221042315914617427e-04 1.007266783037809386e-04 1.870158540286232223e-04
-8.257147906832839226e+02 -8.255325250886262438e+02 -8.255079965827540036e+02 1.041564364797656874e-06 4.726454444835129828e-05 2.150283890607972799e-04
-8.257005364830492908e+02 -8.254970992271402110e+02 -8.254682606365881838e+02 4.491630866902442663e-04 3.445412166455560075e-04 5.103988941440206666e-04
-8.257104693134320996e+02 -8.255209747101706625e+02 -8.254965526625476286e+02 2.883807076807735469e-03 2.580298360935928681e-03 2.465070840596988912e-03
-8.257185423012255114e+02 -8.255120377475626583e+02 -8.254905059107622947e+02 3.169774014188867081e-04 4.766589333470813331e-05 5.833338016181986257e-05
-8.257105890325374276e+02 -8.255346924558502906e+02 -8.255041497117356357e+02 8.529017041925120125e-04 7.770195326224394209e-04 1.156525319680207697e-03
-8.257202514259353165e+02 -8.255203516772216972e+02 -8.254945816928652675e+02 3.470651630633589022e-04 1.178469119382142703e-04 7.362565978578150322e-04
-8.257079301993729814e+02 -8.255165362184665128e+02 -8.254902513866912841e+02 5.742036690689801418e-04 6.451151314923724706e-05 7.068752882790462887e-04
-8.257161269200058769e+02 -8.255113193568680572e+02 -8.254903378089906028e+02 7.787932075602854015e-05 3.800408050856548810e-04 2.476752968020120476e-04
-8.257127416025300590e+02 -8.255095579596171547e+02 -8.254934942070362922e+02 8.186982201069328705e-04 1.361073165708617317e-04 2.360103646069533381e-04
-8.257118580542691006e+02 -8.255113352409057370e+02 -8.254916808382027966e+02 1.644753553995262308e-03 2.666542267735643162e-03 1.084506366947990928e-03
-8.257099875743593884e+02 -8.255180380920193102e+02 -8.254903096616150151e+02 7.504115147324469685e-04 2.389967016378241865e-03 9.002387518834695842e-04
-8.256852362936639338e+02 -8.254779003142080001e+02 -8.254562671874041371e+02 1.136156788045665543e-04 8.378610274576744465e-04 2.975636280827363570e-04
-8.257150352478040531e+02 -8.255301331743080482e+02 -8.255096048950732666e+02 1.594347068757312805e-04 7.009335428826256190e-04 8.340297212093022603e-04
-8.257055504473639758e+02 -8.255161463773791866e+02 -8.254827829551386458e+02 3.840761267045564200e-04 1.664851168993804642e-04 6.975735804561636550e-04
-8.257126911478547981e+02 -8.255265154361766236e+02 -8.254929921131096080e+02 2.992398993497877020e-04 2.743923971682491738e-04 4.195402854611530725e-04
-8.257105325666846056e+02 -8.255207302600325647e+02 -8.255002904125331042e+02 1.081013461033522582e-03 8.567254710558134092e-05 7.508750051227772258e-05
-8.257129211774878286e+02 -8.255147663138722010e+02 -8.254947543306461739e+02 1.331389569064729355e-04 1.113758906870008353e-04 4.478925326946026487e-04
-8.257056765215172618e+02 -8.255042787880605601e+02 -8.254921320808442715e+02 7.085041450461428126e-05 1.276184742727402182e-04 5.677702323405620121e-05
-8.257114580180046914e+02 -8.255330216621802037e+02 -8.255010367229789381e+02 1.915707439673731234e-03 3.087162876024651323e-03 9.514407638188754563e-05
-8.257160585882253372e+02 -8.255246732480617311e+02 -8.255067574905987158e+02 1.083806593711857114e-03 3.445388780294977144e-04 4.198862581729728119e-04
-8.257174875304492616e+02 -8.255231054715195569e+02 -8.255132999299025869e+02 5.314064569178501276e-04 9.792676025451079120e-05 2.154194645045596319e-04
-8.257100705200219863e+02 -8.255110342395134921e+02 -8.254819744795255474e+02 4.703354645132118601e-04 8.912020356920816243e-05 1.131653015765410287e-03
-8.257097269079137050e+02 -8.255178008489706372e+02 -8.255053695363851602e+02 2.125965040820442138e-03 1.629742232951673789e-03 6.705241551663064861e-04
-8.257182858126362817e+02 -8.255227742434213951e+02 -8.255065528363136309e+02 2.114698399576028386e-04 1.364565172875294304e-04 3.206811311414508496e-04
-8.257027412235222528e+02 -8.255282028490534003e+02 -8.255033175941305217e+02 9.587731203931740579e-04 5.602376112757301166e-05 9.585120465911444495e-05
-8.257126246996178907e+02 -8.255113357800599942e+02 -8.254890468259995941e+02 4.999920188409644802e-04 2.276659096818862927e-05 2.256392422983751834e-04
-8.257014499489974924e+02 -8.255149662289427397e+02 -8.254799363686992137e+02 6.927896145946812155e-04 2.668157551397484198e-04 1.572492614720045145e-04
-8.257240559631630958e+02 -8.255260279102815275e+02 -8.254977080248673929e+02 3.991602373383962982e-04 5.659585867029220084e-05 4.290094401979592048e-05
-8.257164900424071448e+02 -8.255272156577268561e+02 -8.255069234396979709e+02 3.151197304785986059e-04 3.956723446347603073e-04 5.965870502200495940e-05
-8.257077188753967221e+02 -8.255153172763385783e+02 -8.254939568461734325e+02 2.287552301974769939e-04 1.377972762763233204e-04 6.332408561967659672e-05
-8.257057683913933488e+02 -8.254894668479214488e+02 -8.254797636631330988e+02 9.742722267562168702e-04 4.759242819468119997e-04 1.227712693610569965e-03
-8.257157487286689275e+02 -8.255125525315323785e+02 -8.254844402519275945e+02 1.555549246842357518e-04 7.054977036028964570e-04 5.339994494196672334e-04
-8.256954061354280157e+02 -8.254969568562705717e+02 -8.254709517226646085e+02 1.049045297607385102e-03 2.310112210635020293e-03 7.097634143543045306e-04
-8.257124090776718504e+02 -8.255092605268133639e+02 -8.254796447323777784e+02 6.575368350414970099e-04 9.418791778773612363e-04 1.623685230122976809e-03
-8.256980492442728519e+02 -8.255241880722810492e+02 -8.254907157358107952e+02 1.525948729207793385e-03 8.749581070570546350e-04 2.596915921820361784e-03
-8.257046012713693699e+02 -8.255220907603800242e+02 -8.254974121114410082e+02 6.165169970918953817e-04 2.841735335726798322e-04 1.759478394494049002e-04
-8.257093078963249582e+02 -8.255202307919748819e+02 -8.255081670242209384e+02 6.941489979973179333e-04 5.708109803870788567e-04 9.864398484340371979e-04
-8.257118079243125521e+02 -8.255082587561165610e+02 -8.254960396487239223e+02 4.105308503822526129e-04 2.878223773811515256e-04 1.030015851118321881e-03
-8.257109674158969028e+02 -8.255234298496519614e+02 -8.255008181832672562e+02 9.595579325459851908e-04 8.257554278856513467e-04 7.335366430265084694e-04
-8.257044002149392554e+02 -8.255097432850460564e+02 -8.255003760562030948e+02 2.322073409599036999e-03 7.400991441729709011e-04 8.762262090887256317e-04
-8.257207939193967832e+02 -8.255093823842026950e+02 -8.254986286198062544e+02 3.469394162696961149e-04 2.196578453632276357e-04 4.379831528173071188e-05
-8.257148920312298515e+02 -8.255211619372095129e+02 -8.254982002675656076e+02 5.329278324488506170e-04 3.884809831261899619e-04 5.179221181091661977e-04
-8.257113101992381416e+02 -8.255198496938490962e+02 -8.254949255284209357e+02 2.784752367088036873e-04 5.740925158899244261e-04 6.216498393191805059e-04
-8.257132825066124724e+02 -8.255085464619116919e+02 -8.254778786638039492e+02 4.447596658827857887e-04 9.241465140341191282e-04 2.195221881428027592e-04
-8.257088139562896458e+02 -8.255187345279308602e+02 -8.255016404877870855e+02 8.238388106424631178e-04 1.704655300764101574e-03 1.255988307634571446e-03
-8.257124069069274128e+02 -8.255050022675949322e+02 -8.254855266063136696e+02 1.805115713572236116e-04 3.375486578270455091e-04 5.900163988009358073e-04
-8.257069453454895438e+02 -8.255189382263777134e+02 -8.254889069488081077e+02 9.068477112100533201e-04 2.651943522977455100e-04 2.579173875908557633e-04
-8.257181794702020170e+02 -8.255168746557199029e+02 -8.254941092419981032e+02 6.083768988100543692e-04 5.048719630634220315e-04 6.902920926098154162e-05
-8.257153767117380312e+02 -8.255165765851011201e+02 -8.254907981749963710e+02 3.129956735100634696e-04 4.695944648735719189e-04 3.718391455579602182e-04
-8.257037526128198124e+02 -8.255027919180704430e+02 -8.254810023623007282e+02 2.805500478948585921e-03 5.142779483847831692e-03 3.186346041638197721e-03
-8.257089006433423037e+02 -8.255149935065979889e+02 -8.254870661204643056e+02 5.533869124270758468e-04 2.703603189634613086e-04 2.477503435377370698e-03
-8.257079919726702428e+02 -8.255255136030360745e+02 -8.254872780753346433e+02 6.473207595364959292e-04 4.706806479492021728e-04 1.692858831200175332e-05
-8.257025928799509984e+02 -8.255168040161956924e+02 -8.254906311918720121e+02 4.990670251938454476e-04 7.439467555043438683e-04 1.188646578321680980e-04
-8.257126948769137016e+02 -8.255240283510215704e+02 -8.255025834199726660e+02 4.119953674240666103e-05 5.533660618942686145e-05 6.273734532286339566e-04
-8.257210462584638435e+02 -8.255245305755626077e+02 -8.255012550420351545e+02 5.969609386603161446e-04 1.793460528730420858e-04 8.600495937988602256e-04
-8.257104457617941762e+02 -8.255264004387963723e+02 -8.255043868423272215e+02 6.687046344484860435e-04 2.087123683948170424e-03 2.352151001506218894e-04
-8.257188291301365552e+02 -8.255344707901865604e+02 -8.255076790904233803e+02 6.858750055797593805e-04 3.907924626165782322e-04 1.112250390796732063e-04
-8.257149859077341034e+02 -8.255183597255576160e+02 -8.255032994370358210e+02 4.152717233338233687e-05 7.726830618607039795e-04 9.293123213131960570e-04
-8.257162431084389027e+02 -8.255123045708314748e+02 -8.254858237981601405e+02 6.492528640371723328e-04 5.927690661800525838e-05 1.467594238162748762e-04
-8.256995284287527284e+02 -8.255268958264468893e+02 -8.254929614406139535e+02 8.369948834983040060e-04 3.750891875466309485e-04 1.006158767963128933e-04
-8.257040706532930017e+02 -8.255244565176830065e+02 -8.254912293781561630e+02 6.902997489351426477e-04 1.285355564246531187e-03 7.300614969998965890e-04
-8.257152986285393581e+02 -8.255106879698197417e+02 -8.254950571852237999e+02 6.154359303651894082e-04 1.047336929501408191e-03 5.493808149061839025e-04
-8.257046990761040206e+02 -8.255039841259368814e+02 -8.254928878252597997e+02 4.444670389147608301e-04 8.857869313550716843e-04 8.276892469743885820e-04
-8.257157156998584924e+02 -8.255164829663796127e+02 -8.255031317793661856e+02 1.746292276405948351e-04 7.213358300737488090e-04 3.858284431710357504e-05
-8.257082372337549714e+02 -8.255011633286678716e+02 -8.254788955631536282e+02 2.529625842097602884e-04 1.380682420707172650e-04 7.101250603692269058e-04
-8.256968904159726890e+02 -8.254865975317367202e+02 -8.254676129623607039e+02 2.936066900902503185e-04 5.143576094960553057e-04 5.395361620753143976e-04
-8.257055431368174823e+02 -8.255301634474202501e+02 -8.254963971814604520e+02 1.695578427647882703e-04 6.441693777827983084e-04 1.927482437512914408e-04
-8.257006952614987085e+02 -8.255082625219448573e+02 -8.254797871640708991e+02 4.198038218151150971e-04 2.478915689672623853e-04 6.671235041480755431e-04
-8.257101025809547536e+02 -8.255228161922412937e+02 -8.255054726062462578e+02 2.302999778978250792e-04 1.160205768270988394e-04 1.741558045131545837e-04
-8.257024844706176054e+02 -8.255078698192896809e+02 -8.254793806713931872e+02 1.305159377958644759e-04 7.418357187982023166e-04 6.048022232957142629e-04
-8.257154470850136931e+02 -8.255206104913129366e+02 -8.254911972362126562e+02 4.446487201143385637e-04 3.332702773504070577e-05 8.474684951971402222e-04
-8.257052603656319434e+02 -8.255094083291814968e+02 -8.254919072241672211e+02 4.454671321239713866e-04 1.266718443904215480e-03 1.152307711079058033e-03
-8.257178210041535067e+02 -8.255264613253148127e+02 -8.255034703516479340e+02 1.684875579864484837e-04 5.769775125607288748e-05 1.055350322779045067e-03
-8.257006276882090106e+02 -8.255091500402090787e+02 -8.254829176251117815e+02 3.008084543658055566e-05 1.327148681411574518e-03 1.311191839215429533e-03
-8.257149887420606547e+02 -8.255235461141021460e+02 -8.254991883957811751e+02 1.791193361561721432e-04 4.632963171503006817e-04 2.984698406708993670e-04
-8.257027743118003400e+02 -8.255159273407246019e+02 -8.254885568288192417e+02 2.098763131391900280e-05 7.340436522086059756e-05 1.377900735128088873e-03
-8.257165301579088919e+02 -8.255304827780947790e+02 -8.255070637657407815e+02 7.811169158629240137e-04 1.746795144087887714e-04 4.295137926524679873e-04
-8.257049572890738318e+02 -8.255238842709178471e+02 -8.254874661066937733e+02 1.274676644500474668e-03 1.029457018117400273e-03 1.003864224957497870e-03
-8.257126599722803348e+02 -8.255237179873537343e+02 -8.255002366656252661e+02 4.076537213233341335e-04 1.295963287417907636e-03 1.439041431961078947e-03
-8.257057142230556792e+02 -8.255208986669330216e+02 -8.254858027451159614e+02 3.890667767646845609e-04 4.405317459303570611e-04 2.248206046328069083e-04
-8.256921245435542005e+02 -8.255098913100819118e+02 -8.254849766466144274e+02 2.754015804262544649e-04 2.202356285468876280e-04 8.944227774817671952e-04
-8.257058656102166196e+02 -8.255255612089230226e+02 -8.255020659442213855e+02 4.053205576872191337e-04 3.723621891682853081e-04 8.283320201073469773e-04
-8.257191619959945683e+02 -8.255174431398974093e+02 -8.254955205091440575e+02 9.675224279691289507e-04 2.434221524108574550e-03 5.465345529700586677e-05
-8.256928087801670699e+02 -8.254830337148213175e+02 -8.254658773432569205e+02 8.415228292297287577e-04 3.081305472346532008e-04 1.005177659063926564e-04
-8.257143944302004002e+02 -8.255250473961965554e+02 -8.254959111188125007e+02 2.712227454138221925e-04 1.605042026618476783e-04 6.943274073276346292e-04
-8.256988052720655560e+02 -8.254864648327529721e+02 -8.254601246766342229e+02 3.724333111545560359e-04 7.851783433305555915e-04 1.732047802674625565e-04
-8.256976305576649793e+02 -8.255046602690696318e+02 -8.254804255093561096e+02 2.806873083784889819e-04 8.108096499178286563e-04 8.540428195991028393e-04
-8.257170963948614144e+02 -8.255158007538381071e+02 -8.254926323760525975e+02 9.396668709091325969e-05 2.640229212877278427e-04 2.833052037664140327e-04
-8.257182467180034564e+02 -8.255178891559991143e+02 -8.254996909395878220e+02 8.056454194887740280e-04 1.035204499277950002e-03 2.932952247748333522e-04
-8.257003730193732736e+02 -8.255355411907418102e+02 -8.254973400176885434e+02 1.774207061295185375e-03 2.264098761304730281e-04 3.161280899459096433e-03
-8.256890160845093760e+02 -8.254995555173615003e+02 -8.254768080558102383e+02 8.865885321393165552e-04 5.974402293147549822e-04 6.724963034329727246e-04
-8.257107677581803955e+02 -8.255077973867752235e+02 -8.254975259407823387e+02 2.553077369164197317e-04 1.098206404375816911e-03 7.269757445382252735e-04
-8.257076876051100953e+02 -8.255139750068136664e+02 -8.254797931232014889e+02 1.509756082136690797e-03 3.162919794086637738e-04 1.246581415785157467e-03
-8.257171840752008620e+02 -8.255356176691176415e+02 -8.255112866779920751e+02 1.458113715736405287e-03 1.222852521272313042e-03 6.308546532060001688e-04
-8.257189073020721253e+02 -8.255289233259516095e+02 -8.255033204145562422e+02 1.040586196893905261e-04 2.495387084028280922e-04 1.029336717222972093e-04
-8.257097603804178334e+02 -8.255198988740739878e+02 -8.254877852207041542e+02 1.414896812284093626e-04 5.302333594382765232e-04 5.297894836252864306e-04
-8.257049524831516010e+02 -8.255011393529772477e+02 -8.254834828854004627e+02 4.009406407368830048e-04 8.170065760647297762e-04 9.172661487564446854e-04
-8.257119193753143236e+02 -8.255298822064820570e+02 -8.255035710996691023e+02 3.661860651709874723e-03 3.514179424909856086e-03 1.230991634211960799e-03
-8.257093633727731685e+02 -8.255290878992665284e+02 -8.254998302347244135e+02 2.258513532055749255e-04 5.877603666702204419e-04 2.627279298036197118e-04
-8.257030823485318933e+02 -8.255169386471834514e+02 -8.254945260597825154e+02 4.221042315914617427e-04 1.007266783037809386e-04 1.870158540286232223e-04
-8.257147906832839226e+02 -8.255325250886262438e+02 -8.255079965827540036e+02 1.041564364797656874e-06 4.726454444835129828e-05 2.150283890607972799e-04
-8.257005364830492908e+02 -8.254970992271402110e+02 -8.254682606365881838e+02 4.491630866902442663e-04 3.445412166455560075e-04 5.103988941440206666e-04
-8.257104693134320996e+02 -8.255209747101706625e+02 -8.254965526625476286e+02 2.883807076807735469e-03 2.580298360935928681e-03 2.465070840596988912e-03
-8.257185423012255114e+02 -8.255120377475626583e+02 -8.254905059107622947e+02 3.169774014188867081e-04 4.766589333470813331e-05 5.833338016181986257e-05
-8.257105890325374276e+02 -8.255346924558502906e+02 -8.255041497117356357e+02 8.529017041925120125e-04 7.770195326224394209e-04 1.156525319680207697e-03
-8.257202514259353165e+02 -8.255203516772216972e+02 -8.254945816928652675e+02 3.470651630633589022e-04 1.178469119382142703e-04 7.362565978578150322e-04
-8.257079301993729814e+02 -8.255165362184665128e+02 -8.254902513866912841e+02 5.742036690689801418e-04 6.451151314923724706e-05 7.068752882790462887e-04
-8.257161269200058769e+02 -8.255113193568680572e+02 -8.254903378089906028e+02 7.787932075602854015e-05 3.800408050856548810e-04 2.476752968020120476e-04
-8.257127416025300590e+02 -8.255095579596171547e+02 -8.254934942070362922e+02 8.186982201069328705e-04 1.361073165708617317e-04 2.360103646069533381e-04
-8.257118580542691006e+02 -8.255113352409057370e+02 -8.254916808382027966e+02 1.644753553995262308e-03 2.666542267735643162e-03 1.084506366947990928e-03
-8.257099875743593884e+02 -8.255180380920193102e+02 -8.254903096616150151e+02 7.504115147324469685e-04 2.389967016378241865e-03 9.002387518834695842e-04
-8.256852362936639338e+02 -8.254779003142080001e+02 -8.254562671874041371e+02 1.136156788045665543e-04 8.378610274576744465e-04 2.975636280827363570e-04
-8.257150352478040531e+02 -8.255301331743080482e+02 -8.255096048950732666e+02 1.594347068757312805e-04 7.009335428826256190e-04 8.340297212093022603e-04
-8.257055504473639758e+02 -8.255161463773791866e+02 -8.254827829551386458e+02 3.840761267045564200e-04 1.664851168993804642e-04 6.975735804561636550e-04
-8.257126911478547981e+02 -8.255265154361766236e+02 -8.254929921131096080e+02 2.992398993497877020e-04 2.743923971682491738e-04 4.195402854611530725e-04
-8.257105325666846056e+02 -8.255207302600325647e+02 -8.255002904125331042e+02 1.081013461033522582e-03 8.567254710558134092e-05 7.508750051227772258e-05
-8.257129211774878286e+02 -8.255147663138722010e+02 -8.254947543306461739e+02 1.331389569064729355e-04 1.113758906870008353e-04 4.478925326946026487e-04
-8.257056765215172618e+02 -8.255042787880605601e+02 -8.254921320808442715e+02 7.085041450461428126e-05 1.276184742727402182e-04 5.677702323405620121e-05
-8.257114580180046914e+02 -8.255330216621802037e+02 -8.255010367229789381e+02 1.915707439673731234e-03 3.087162876024651323e-03 9.514407638188754563e-05
-8.257160585882253372e+02 -8.255246732480617311e+02 -8.255067574905987158e+02 1.083806593711857114e-03 3.445388780294977144e-04 4.198862581729728119e-04
-8.257174875304492616e+02 -8.255231054715195569e+02 -8.255132999299025869e+02 5.314064569178501276e-04 9.792676025451079120e-05 2.154194645045596319e-04
-8.257100705200219863e+02 -8.255110342395134921e+02 -8.254819744795255474e+02 4.703354645132118601e-04 8.912020356920816243e-05 1.131653015765410287e-03
-8.257097269079137050e+02 -8.255178008489706372e+02 -8.255053695363851602e+02 2.125965040820442138e-03 1.629742232951673789e-03 6.705241551663064861e-04
-8.257182858126362817e+02 -8.255227742434213951e+02 -8.255065528363136309e+02 2.114698399576028386e-04 1.364565172875294304e-04 3.206811311414508496e-04
-8.257027412235222528e+02 -8.255282028490534003e+02 -8.255033175941305217e+02 9.587731203931740579e-04 5.602376112757301166e-05 9.585120465911444495e-05
-8.257126246996178907e+02 -8.255113357800599942e+02 -8.254890468259995941e+02 4.999920188409644802e-04 2.276659096818862927e-05 2.256392422983751834e-04
-8.257014499489974924e+02 -8.255149662289427397e+02 -8.254799363686992137e+02 6.927896145946812155e-04 2.668157551397484198e-04 1.572492614720045145e-04
-8.257240559631630958e+02 -8.255260279102815275e+02 -8.254977080248673929e+02 3.991602373383962982e-04 5.659585867029220084e-05 4.290094401979592048e-05
-8.257164900424071448e+02 -8.255272156577268561e+02 -8.255069234396979709e+02 3.151197304785986059e-04 3.956723446347603073e-04 5.965870502200495940e-05
-8.257077188753967221e+02 -8.255153172763385783e+02 -8.254939568461734325e+02 2.287552301974769939e-04 1.377972762763233204e-04 6.332408561967659672e-05
-8.257057683913933488e+02 -8.254894668479214488e+02 -8.254797636631330988e+02 9.742722267562168702e-04 4.759242819468119997e-04 1.227712693610569965e-03
-8.257157487286689275e+02 -8.255125525315323785e+02 -8.254844402519275945e+02 1.555549246842357518e-04 7.054977036028964570e-04 5.339994494196672334e-04
-8.256954061354280157e+02 -8.254969568562705717e+02 -8.254709517226646085e+02 1.049045297607385102e-03 2.310112210635020293e-03 7.097634143543045306e-04
-8.257124090776718504e+02 -8.255092605268133639e+02 -8.254796447323777784e+02 6.575368350414970099e-04 9.418791778773612363e-04 1.623685230122976809e-03
-8.256980492442728519e+02 -8.255241880722810492e+02 -8.254907157358107952e+02 1.525948729207793385e-03 8.749581070570546350e-04 2.596915921820361784e-03
-8.257046012713693699e+02 -8.255220907603800242e+02 -8.254974121114410082e+02 6.165169970918953817e-04 2.841735335726798322e-04 1.759478394494049002e-04
-8.257093078963249582e+02 -8.255202307919748819e+02 -8.255081670242209384e+02 6.941489979973179333e-04 5.708109803870788567e-04 9.864398484340371979e-04
-8.257118079243125521e+02 -8.255082587561165610e+02 -8.254960396487239223e+02 4.105308503822526129e-04 2.878223773811515256e-04 1.030015851118321881e-03
-8.257109674158969028e+02 -8.255234298496519614e+02 -8.255008181832672562e+02 9.595579325459851908e-04 8.257554278856513467e-04 7.335366430265084694e-04
-8.257044002149392554e+02 -8.255097432850460564e+02 -8.255003760562030948e+02 2.322073409599036999e-03 7.400991441729709011e-04 8.762262090887256317e-04
-8.257207939193967832e+02 -8.255093823842026950e+02 -8.254986286198062544e+02 3.469394162696961149e-04 2.196578453632276357e-04 4.379831528173071188e-05
-8.257148920312298515e+02 -8.255211619372095129e+02 -8.254982002675656076e+02 5.329278324488506170e-04 3.884809831261899619e-04 5.179221181091661977e-04
-8.257113101992381416e+02 -8.255198496938490962e+02 -8.254949255284209357e+02 2.784752367088036873e-04 5.740925158899244261e-04 6.216498393191805059e-04
-8.257132825066124724e+02 -8.255085464619116919e+02 -8.254778786638039492e+02 4.447596658827857887e-04 9.241465140341191282e-04 2.195221881428027592e-04
-8.257088139562896458e+02 -8.255187345279308602e+02 -8.255016404877870855e+02 8.238388106424631178e-04 1.704655300764101574e-03 1.255988307634571446e-03
-8.257124069069274128e+02 -8.255050022675949322e+02 -8.254855266063136696e+02 1.805115713572236116e-04 3.375486578270455091e-04 5.900163988009358073e-04
-8.257069453454895438e+02 -8.255189382263777134e+02 -8.254889069488081077e+02 9.068477112100533201e-04 2.651943522977455100e-04 2.579173875908557633e-04
-8.257181794702020170e+02 -8.255168746557199029e+02 -8.254941092419981032e+02 6.083768988100543692e-04 5.048719630634220315e-04 6.902920926098154162e-05
-8.257153767117380312e+02 -8.255165765851011201e+02 -8.254907981749963710e+02 3.129956735100634696e-04 4.695944648735719189e-04 3.718391455579602182e-04
-8.257037526128198124e+02 -8.255027919180704430e+02 -8.254810023623007282e+02 2.805500478948585921e-03 5.142779483847831692e-03 3.186346041638197721e-03
-8.257089006433423037e+02 -8.255149935065979889e+02 -8.254870661204643056e+02 5.533869124270758468e-04 2.703603189634613086e-04 2.477503435377370698e-03
-8.257079919726702428e+02 -8.255255136030360745e+02 -8.254872780753346433e+02 6.473207595364959292e-04 4.706806479492021728e-04 1.692858831200175332e-05
-8.257025928799509984e+02 -8.255168040161956924e+02 -8.254906311918720121e+02 4.990670251938454476e-04 7.439467555043438683e-04 1.188646578321680980e-04
-8.257126948769137016e+02 -8.255240283510215704e+02 -8.255025834199726660e+02 4.119953674240666103e-05 5.533660618942686145e-05 6.273734532286339566e-04
-8.257210462584638435e+02 -8.255245305755626077e+02 -8.255012550420351545e+02 5.969609386603161446e-04 1.793460528730420858e-04 8.600495937988602256e-04
-8.257104457617941762e+02 -8.255264004387963723e+02 -8.255043868423272215e+02 6.687046344484860435e-04 2.087123683948170424e-03 2.352151001506218894e-04
-8.257188291301365552e+02 -8.255344707901865604e+02 -8.255076790904233803e+02 6.858750055797593805e-04 3.907924626165782322e-04 1.112250390796732063e-04
-8.257149859077341034e+02 -8.255183597255576160e+02 -8.255032994370358210e+02 4.152717233338233687e-05 7.726830618607039795e-04 9.293123213131960570e-04
-8.257162431084389027e+02 -8.255123045708314748e+02 -8.254858237981601405e+02 6.492528640371723328e-04 5.927690661800525838e-05 1.467594238162748762e-04
-8.256995284287527284e+02 -8.255268958264468893e+02 -8.254929614406139535e+02 8.369948834983040060e-04 3.750891875466309485e-04 1.006158767963128933e-04
-8.257040706532930017e+02 -8.255244565176830065e+02 -8.254912293781561630e+02 6.902997489351426477e-04 1.285355564246531187e-03 7.300614969998965890e-04
-8.257152986285393581e+02 -8.255106879698197417e+02 -8.254950571852237999e+02 6.154359303651894082e-04 1.047336929501408191e-03 5.493808149061839025e-04
-8.257046990761040206e+02 -8.255039841259368814e+02 -8.254928878252597997e+02 4.444670389147608301e-04 8.857869313550716843e-04 8.276892469743885820e-04
-8.257157156998584924e+02 -8.255164829663796127e+02 -8.255031317793661856e+02 1.746292276405948351e-04 7.213358300737488090e-04 3.858284431710357504e-05
-8.257082372337549714e+02 -8.255011633286678716e+02 -8.254788955631536282e+02 2.529625842097602884e-04 1.380682420707172650e-04 7.101250603692269058e-04
-8.256968904159726890e+02 -8.254865975317367202e+02 -8.254676129623607039e+02 2.936066900902503185e-04 5.143576094960553057e-04 5.395361620753143976e-04
-8.257055431368174823e+02 -8.255301634474202501e+02 -8.254963971814604520e+02 1.695578427647882703e-04 6.441693777827983084e-04 1.927482437512914408e-04
-8.257006952614987085e+02 -8.255082625219448573e+02 -8.254797871640708991e+02 4.198038218151150971e-04 2.478915689672623853e-04 6.671235041480755431e-04
-8.257101025809547536e+02 -8.255228161922412937e+02 -8.255054726062462578e+02 2.302999778978250792e-04 1.160205768270988394e-04 1.741558045131545837e-04
-8.257024844706176054e+02 -8.255078698192896809e+02 -8.254793806713931872e+02 1.305159377958644759e-04 7.418357187982023166e-04 6.048022232957142629e-04
-8.257154470850136931e+02 -8.255206104913129366e+02 -8.254911972362126562e+02 4.446487201143385637e-04 3.332702773504070577e-05 8.474684951971402222e-04
-8.257052603656319434e+02 -8.255094083291814968e+02 -8.254919072241672211e+02 4.454671321239713866e-04 1.266718443904215480e-03 1.152307711079058033e-03
-8.257178210041535067e+02 -8.255264613253148127e+02 -8.255034703516479340e+02 1.684875579864484837e-04 5.769775125607288748e-05 1.055350322779045067e-03
-8.257006276882090106e+02 -8.255091500402090787e+02 -8.254829176251117815e+02 3.008084543658055566e-05 1.327148681411574518e-03 1.311191839215429533e-03
-8.257149887420606547e+02 -8.255235461141021460e+02 -8.254991883957811751e+02 1.791193361561721432e-04 4.632963171503006817e-04 2.984698406708993670e-04
-8.257027743118003400e+02 -8.255159273407246019e+02 -8.254885568288192417e+02 2.098763131391900280e-05 7.340436522086059756e-05 1.377900735128088873e-03
-8.257165301579088919e+02 -8.255304827780947790e+02 -8.255070637657407815e+02 7.811169158629240137e-04 1.746795144087887714e-04 4.295137926524679873e-04
-8.257049572890738318e+02 -8.255238842709178471e+02 -8.254874661066937733e+02 1.274676644500474668e-03 1.029457018117400273e-03 1.003864224957497870e-03
-8.257126599722803348e+02 -8.255237179873537343e+02 -8.255002366656252661e+02 4.076537213233341335e-04 1.295963287417907636e-03 1.439041431961078947e-03
-8.257057142230556792e+02 -8.255208986669330216e+02 -8.254858027451159614e+02 3.890667767646845609e-04 4.405317459303570611e-04 2.248206046328069083e-04
-8.256921245435542005e+02 -8.255098913100819118e+02 -8.254849766466144274e+02 2.754015804262544649e-04 2.202356285468876280e-04 8.944227774817671952e-04
-8.257058656102166196e+02 -8.255255612089230226e+02 -8.255020659442213855e+02 4.053205576872191337e-04 3.723621891682853081e-04 8.283320201073469773e-04
-8.257191619959945683e+02 -8.255174431398974093e+02 -8.254955205091440575e+02 9.675224279691289507e-04 2.434221524108574550e-03 5.465345529700586677e-05
-8.256928087801670699e+02 -8.254830337148213175e+02 -8.254658773432569205e+02 8.415228292297287577e-04 3.081305472346532008e-04 1.005177659063926564e-04
-8.257143944302004002e+02 -8.255250473961965554e+02 -8.254959111188125007e+02 2.712227454138221925e-04 1.605042026618476783e-04 6.943274073276346292e-04
-8.256988052720655560e+02 -8.254864648327529721e+02 -8.254601246766342229e+02 3.724333111545560359e-04 7.851783433305555915e-04 1.732047802674625565e-04
-8.256976305576649793e+02 -8.255046602690696318e+02 -8.254804255093561096e+02 2.806873083784889819e-04 8.108096499178286563e-04 8.540428195991028393e-04
-8.257170963948614144e+02 -8.255158007538381071e+02 -8.254926323760525975e+02 9.396668709091325969e-05 2.640229212877278427e-04 2.833052037664140327e-04
-8.257182467180034564e+02 -8.255178891559991143e+02 -8.254996909395878220e+02 8.056454194887740280e-04 1.035204499277950002e-03 2.932952247748333522e-04
-8.257003730193732736e+02 -8.255355411907418102e+02 -8.254973400176885434e+02 1.774207061295185375e-03 2.264098761304730281e-04 3.161280899459096433e-03
-8.256890160845093760e+02 -8.254995555173615003e+02 -8.254768080558102383e+02 8.865885321393165552e-04 5.974402293147549822e-04 6.724963034329727246e-04
-8.257107677571851809e+02 -8.255077973867519177e+02 -8.254975259344030292e+02 2.553008350779047467e-04 1.098192610152324070e-03 7.269607743892272413e-04
-8.257076876065390252e+02 -8.255139749921711427e+02 -8.254797931358900769e+02 1.509744367029657464e-03 3.162989257733394037e-04 1.246587463402041521e-03
