-8.257182150550403321e+02 -8.255347372820600640e+02 -8.255109187442214989e+02 1.328107154288379410e-03 2.059885118239661132e-03 2.143975216087307557e-03
-8.257193941352163620e+02 -8.255283949828766481e+02 -8.255036535602561116e+02 1.238562833649964941e-03 3.728392018983752690e-04 9.488246790669502620e-04
-8.257097406468933514e+02 -8.255196821737837354e+02 -8.254875574514131813e+02 2.333031675133095104e-04 4.448133149905927571e-04 2.269021213452211065e-04
-8.257049329503745412e+02 -8.255003620132160904e+02 -8.254842305465202799e+02 1.068534601114251147e-03 6.127087242926292391e-04 1.659022218099586365e-04
-8.257139247408613301e+02 -8.255313528996156265e+02 -8.255038807073469798e+02 1.545607995687536384e-03 1.316462869091469812e-03 1.187608991532703969e-03
-8.257088727466881437e+02 -8.255287888003106218e+02 -8.255001380111926892e+02 4.975686200568573032e-04 1.585617702662018300e-04 3.545782285409235777e-04
-8.257057631997287217e+02 -8.255163141991403108e+02 -8.254959137653557946e+02 1.048003793745226273e-03 2.527739494608185881e-04 8.246393397737193090e-04
-8.257148667077721029e+02 -8.255319328495709215e+02 -8.255086138249382657e+02 6.933125714215337531e-04 4.052355366377270317e-04 6.241269531022497052e-04
-8.257006153231913004e+02 -8.254959216416574463e+02 -8.254699197179013481e+02 5.312874090897917430e-04 1.390639864636971116e-04 4.942564029096204814e-04
-8.257127324851803678e+02 -8.255224749663858574e+02 -8.254980638077141748e+02 1.187172568604918585e-03 7.243946674638970361e-04 3.015368972405324272e-03
-8.257177566430563047e+02 -8.255115177276969689e+02 -8.254911787923030033e+02 4.487543704731956527e-05 8.838429452705697442e-04 1.889673929222187773e-04
-8.257114328542785415e+02 -8.255351166266443670e+02 -8.255038741290517237e+02 8.128901007439118340e-04 3.093196286605651851e-04 7.546485992275445533e-04
-8.257190876396279009e+02 -8.255204936767888739e+02 -8.254956167006047281e+02 6.750022890752515421e-04 9.658088154187972289e-04 4.426553116930938303e-04
-8.257083880780015761e+02 -8.255169963268903075e+02 -8.254908924722184338e+02 3.558647022933853453e-04 1.599393567385237270e-03 1.506433364472893274e-04
-8.257158216487024447e+02 -8.255095370663563017e+02 -8.254897297448007976e+02 1.899224059934408811e-04 6.426354883208621697e-04 4.693076174201132162e-04
-8.257127364824735878e+02 -8.255095122626694319e+02 -8.254943058390925898e+02 1.866324621930967598e-03 4.368012238431840679e-04 7.929453834763114470e-04
-8.257098511514500387e+02 -8.255103889321411543e+02 -8.254930279639974060e+02 1.579168972190020045e-03 6.349838401312185967e-04 1.321725405720525041e-03
-8.257112375981374726e+02 -8.255169365755151603e+02 -8.254912282663613041e+02 1.818531805971626536e-04 4.458607570543950474e-03 9.257201571329849482e-05
-8.256866278547698812e+02 -8.254790426955880775e+02 -8.254564001219596321e+02 8.413165834861432383e-04 7.577350479422383361e-04 9.626732617226077147e-04
-8.257133604697658029e+02 -8.255294838486482831e+02 -8.255107264114549253e+02 1.153543257208031929e-03 1.496712727398471186e-03 1.477017001934083926e-03
-8.257051483478179534e+02 -8.255140690872037794e+02 -8.254823109602255045e+02 4.316876099217046561e-04 1.220961676451594400e-03 1.998201465810722256e-04
-8.257108298787952663e+02 -8.255258877395082209e+02 -8.254915346240369445e+02 1.858290165888610687e-05 3.978485288806671966e-04 2.919781967171278052e-04
-8.257095882550927399e+02 -8.255196241656037728e+02 -8.255022479733246428e+02 4.056361232853710787e-04 1.646426021537044217e-04 2.939198458872080595e-04
-8.257145445130050803e+02 -8.255135098741968704e+02 -8.254968936459542874e+02 2.832246625591795558e-04 1.327776293812222891e-04 3.150389149297115436e-04
-8.257047964738750352e+02 -8.255028555705725921e+02 -8.254920818436690979e+02 2.793871736974105403e-04 3.301112489139902337e-04 1.451198039984334101e-03
-8.257126659793569843e+02 -8.255336075510501814e+02 -8.255018754849874085e+02 5.541266727079751942e-05 1.444300602185500607e-03 7.979513075221263390e-04
-8.257177964065512015e+02 -8.255251064303911335e+02 -8.255056001508801273e+02 3.039630509839342815e-04 9.961020673746889560e-04 3.484219430563574691e-04
-8.257168298041077605e+02 -8.255225163260954560e+02 -8.255128603900965345e+02 4.132450604880100729e-04 6.487634984644225248e-04 2.243071313109716775e-04
-8.257105191601608567e+02 -8.255094146232980847e+02 -8.254854905610029618e+02 1.364092174589820428e-04 4.409689222105305667e-04 9.347789138684558857e-04
-8.257052904280583334e+02 -8.255174580567053226e+02 -8.255037200708441105e+02 5.850703624412654028e-04 5.279620847076181827e-04 1.015139787694136235e-03
-8.257160153034849372e+02 -8.255215470855647482e+02 -8.255069857019340134e+02 1.305110054127760601e-04 2.881735580466721525e-04 3.709733812526479690e-04
-8.257009121324090302e+02 -8.255281198852337639e+02 -8.255038793663511569e+02 4.780031801239283161e-04 4.729297415616778117e-04 8.266280367410423248e-04
-8.257128779004905255e+02 -8.255107131462980306e+02 -8.254900464639966913e+02 1.776185548725826336e-04 2.623325712457109937e-04 8.027023954934311902e-06
-8.257023270860943285e+02 -8.255152765211049655e+02 -8.254782015566580640e+02 8.412057054050230565e-04 1.691229063868365714e-03 4.182727666181982533e-04
-8.257217865705392796e+02 -8.255248290179605419e+02 -8.254993082078231055e+02 1.710251557280741824e-03 3.575905690859830597e-04 4.309288060571184230e-04
-8.257159596277000446e+02 -8.255267011471736396e+02 -8.255064609065935883e+02 1.568799634898355739e-03 1.997781192738854838e-04 2.635302631424703171e-04
-8.257071346730849655e+02 -8.255148096223597349e+02 -8.254935108200321565e+02 4.107147933406302891e-04 3.913631556472600952e-04 1.071639645125892936e-04
-8.257059287622067814e+02 -8.254900050692198192e+02 -8.254804252745030908e+02 2.272723768856371349e-04 5.283080621462067031e-04 1.066776028769460738e-03
-8.257161394319331293e+02 -8.255117622996347109e+02 -8.254773101661695591e+02 9.504601784565687266e-04 1.388336367524411834e-04 2.184737610865881280e-03
-8.256965417340971953e+02 -8.254997683640456216e+02 -8.254709651412680387e+02 2.275537167082625027e-04 5.742865688392366567e-05 1.912154026677354013e-03
-8.257145179246600719e+02 -8.255100096609945695e+02 -8.254754046117792541e+02 1.544796280185588245e-03 5.453549396398980724e-04 5.088996651312565440e-04
-8.256993987722697739e+02 -8.255246261519980635e+02 -8.254903671783440586e+02 4.384176574333030832e-04 5.672035210452572437e-04 2.654025850708834500e-03
-8.257062665333774021e+02 -8.255220334494661074e+02 -8.254984526183402522e+02 7.654848970194773382e-04 1.232903043690518905e-03 3.526072109173190991e-05
-8.257092067308818741e+02 -8.255202674290521827e+02 -8.255067682636014297e+02 1.019499858077326957e-03 1.679503043482459979e-03 2.232220046681352072e-04
-8.257104328081518361e+02 -8.255087043498240291e+02 -8.254942762298477419e+02 7.415256405057786635e-04 5.343813069082751664e-04 5.061182239261118737e-04
-8.257115351426951975e+02 -8.255220947702804324e+02 -8.255031887462788518e+02 1.164737341135605982e-03 3.195068773051941489e-04 1.157104312254895090e-04
-8.257025080394981842e+02 -8.255085250416144618e+02 -8.254992680610439493e+02 5.336756837287223504e-04 5.517715771489207230e-04 1.138306532732975525e-03
-8.257196182843227916e+02 -8.255067534053704321e+02 -8.254999476291905012e+02 1.431721827263249822e-03 1.199453491589076151e-03 1.180898574480388413e-04
-8.257148773619128406e+02 -8.255209810048738746e+02 -8.254986023277084541e+02 7.787425175987254013e-04 1.357367005576147782e-03 1.402087220078631746e-04
-8.257122571028421589e+02 -8.255191328583899804e+02 -8.254964277954373983e+02 1.819906690622987008e-03 7.237303742040841802e-04 2.008401204846978834e-04
-8.257087687689577251e+02 -8.255052573323876004e+02 -8.254755921178150402e+02 4.902927725690061928e-04 2.985972880613878746e-05 6.863437085560235990e-04
-8.257113660960337711e+02 -8.255187436080854013e+02 -8.255012387511401357e+02 8.762941903262978088e-04 1.977765458324712202e-04 3.025925046553780526e-04
-8.257130800166445397e+02 -8.255048989444459266e+02 -8.254853678838453561e+02 1.758113724578816602e-03 1.408273298196940969e-04 1.019234651945070784e-03
-8.257085877437432373e+02 -8.255186600609099514e+02 -8.254885109241070040e+02 4.546030307637330165e-04 7.489502340145936903e-04 7.132682632060552332e-04
-8.257174683268813169e+02 -8.255158907157360773e+02 -8.254912851201204376e+02 3.273905630406439963e-04 2.591220661243596535e-04 5.438064768884603387e-04
-8.257166044973511134e+02 -8.255162903429329617e+02 -8.254910013265696307e+02 7.495665366758883126e-04 1.393010183416217409e-03 3.231253039792484098e-04
-8.257046075681314505e+02 -8.255026471841017610e+02 -8.254789546614296114e+02 2.623176746925009756e-03 6.528927409291726720e-03 8.079759009672852089e-04
-8.257098619980303056e+02 -8.255167860850200441e+02 -8.254888964349188427e+02 4.545431657660779085e-04 3.595176512058959501e-05 3.717439888984475126e-04
-8.257075646718974440e+02 -8.255269746117530758e+02 -8.254872870627044676e+02 5.733330501831915673e-04 1.629533211838606402e-03 1.088508933194558053e-03
-8.257028941658397798e+02 -8.255170623404160324e+02 -8.254911277799030813e+02 5.487364878007635130e-04 2.155905031954464797e-04 6.221038034745047466e-04
-8.257111531901598482e+02 -8.255240283994132824e+02 -8.255023680801648425e+02 1.430537646172934775e-03 2.134970125381474874e-04 8.769169970212578082e-04
-8.257224367114935148e+02 -8.255239617620894705e+02 -8.255022783136049611e+02 2.069400212819138066e-03 8.344353131268073768e-04 1.044325923890351403e-03
-8.257117406333741201e+02 -8.255259616374005418e+02 -8.255045372595869821e+02 1.568190859143462658e-04 1.275722998121805877e-03 1.945799209050808358e-03
-8.257181650133360336e+02 -8.255323209089684724e+02 -8.255093478900208765e+02 3.965203689046445487e-04 1.529171598988726200e-03 5.415633408006583155e-04
-8.257145180765090799e+02 -8.255171799555284906e+02 -8.255039838360238491e+02 9.729369397584206958e-04 6.224140829382023747e-05 8.701849822285463026e-04
-8.257146712828598538e+02 -8.255096486296653211e+02 -8.254864143318526430e+02 5.793422998862273387e-04 8.837970806780560008e-04 1.392170703347883870e-04
-8.257006067948520922e+02 -8.255260901855095881e+02 -8.254941175677366800e+02 4.367375581453911550e-04 3.769127950286280267e-04 3.469539067462112610e-04
-8.257039373264941560e+02 -8.255239602799647400e+02 -8.254908771654778548e+02 2.408628243713359775e-04 7.324708458423269918e-04 3.808992359984742079e-04
-8.257157909718214341e+02 -8.255104059411272601e+02 -8.254955314344164208e+02 4.931891815500440927e-04 1.480864230019054723e-03 4.504660097866860081e-04
-8.257028723122353995e+02 -8.255031108948039673e+02 -8.254956990623495585e+02 2.065378887445821782e-03 8.930898903589510772e-04 1.699637404569574175e-03
-8.257165162100992575e+02 -8.255156524385472494e+02 -8.255048376828901837e+02 6.160915291122085087e-04 2.279319690904194534e-06 7.768683496686293408e-04
-8.257053387477797060e+02 -8.255012494127058744e+02 -8.254778567679938988e+02 1.358793337984618441e-03 8.537416818950491985e-04 5.807403478782965358e-04
-8.256959920769095334e+02 -8.254847176670714362e+02 -8.254682613395195858e+02 5.054413362857609849e-04 1.208995421546756738e-03 1.349967052617780452e-03
-8.257061120773136054e+02 -8.255296752667326246e+02 -8.254980629672647865e+02 3.458918348229397528e-04 4.537221759658930514e-04 1.195133296887981861e-05
-8.257010705221524631e+02 -8.255075754887208177e+02 -8.254802564732083283e+02 4.951274157243085389e-04 1.553919591251358705e-04 7.536560825558063842e-04
-8.257093277584359612e+02 -8.255224011210246999e+02 -8.255058488703858757e+02 1.488090388107734066e-04 2.890856862803386704e-04 4.294851317962109470e-05
-8.257025768681888849e+02 -8.255080149082160688e+02 -8.254815734440442156e+02 8.280134000712921234e-04 9.041446786831980288e-04 6.642416918067764551e-04
-8.257163387469994404e+02 -8.255206803776900415e+02 -8.254917320403458234e+02 2.812907893962088941e-04 1.690691059468044609e-04 9.847153092016832938e-04
-8.257056947463372580e+02 -8.255090765999387941e+02 -8.254915202365465348e+02 1.967373085504163337e-03 8.705630869464505610e-04 3.976826732806780138e-04
-8.257183077060336700e+02 -8.255248808496763786e+02 -8.255035374208555368e+02 1.029849114259585299e-03 3.955358526669915651e-04 8.625348361114450050e-05
-8.256992675963284682e+02 -8.255070939052923222e+02 -8.254866160425683574e+02 2.666148341199564824e-03 6.522586926075952607e-04 3.197202188455195576e-03
-8.257154377842629174e+02 -8.255243896544976678e+02 -8.254996629654049229e+02 6.796621599596442027e-05 1.114740906008818665e-03 1.815500657803171351e-05
-8.257049037613684277e+02 -8.255162530167540353e+02 -8.254892446454002766e+02 8.968206162643884739e-04 6.656276427689050658e-04 2.021557135710689429e-03
-8.257180549860613610e+02 -8.255292393899444505e+02 -8.255073984791339399e+02 1.555139468236786671e-03 9.926482459757801635e-04 1.182399581892590312e-03
-8.257043620447149124e+02 -8.255243108616433574e+02 -8.254872753772203851e+02 6.059165554130920006e-04 3.412844415640112336e-04 7.196715628138307657e-04
-8.257135645977640479e+02 -8.255239183061598851e+02 -8.254999551087878444e+02 2.581349814551564905e-04 1.496854397446762720e-03 5.364063557516644690e-04
-8.257083837621323710e+02 -8.255216004205127547e+02 -8.254860936441210697e+02 1.405879746120810387e-03 3.283415227186762381e-04 5.751274509616876272e-04
-8.256919032528157913e+02 -8.255106553375678686e+02 -8.254843950931539212e+02 9.562502488425626184e-04 3.967096960306584286e-04 1.332141536603814345e-03
-8.257053033426775528e+02 -8.255254892900727555e+02 -8.255031464711562421e+02 1.312349271616477771e-03 6.915568779624586652e-04 7.502583113686442590e-04
-8.257194799128250224e+02 -8.255160443182679728e+02 -8.254931284690391067e+02 1.742817186438812326e-03 1.381049042591455181e-03 9.976164107974302837e-06
-8.256931516260651733e+02 -8.254827800673039064e+02 -8.254664824475090654e+02 2.029742655592286366e-03 9.486738630049227619e-04 2.019997736161944222e-04
-8.257150945680148197e+02 -8.255235046288377134e+02 -8.254986170960685286e+02 8.860825963118446882e-04 9.757074060685028529e-04 1.507015467828566038e-03
-8.257008245090006540e+02 -8.254876528866535637e+02 -8.254578133240986517e+02 1.343941024587666511e-03 3.990893579298927427e-04 2.969973392660136277e-04
-8.256985029422614843e+02 -8.255050749755475863e+02 -8.254784755440871322e+02 4.205408539942192083e-04 3.128747222122689247e-04 2.255900784213421605e-04
-8.257165998928322779e+02 -8.255137484089526652e+02 -8.254919618069745866e+02 1.070674996725844467e-04 4.854785967946439388e-04 8.139338608818191476e-04
-8.257176518411224606e+02 -8.255185775713192697e+02 -8.254991096235402210e+02 7.102420773884016028e-04 1.006895461800133128e-03 6.967795313465879490e-04
-8.257026335303962696e+02 -8.255347212266800625e+02 -8.254985896422975884e+02 4.893197019180380112e-04 1.969754039229270378e-04 3.045992943979666540e-03
-8.256904996295180581e+02 -8.254987828651602513e+02 -8.254777925717778544e+02 1.594905820079672333e-03 4.418473787404918630e-04 1.607309911310657975e-04
-8.257076495872407804e+02 -8.255082862831101238e+02 -8.254977449431469267e+02 3.996779234400603419e-04 4.923721264066205578e-04 7.458826093724505151e-04
-8.257086584200015977e+02 -8.255140929799905507e+02 -8.254837876339181548e+02 1.193911447516530751e-03 2.142076086470101181e-03 2.785797759757301355e-03
-8.257182150550403321e+02 -8.255347372820600640e+02 -8.255109187442214989e+02 1.328107154288379410e-03 2.059885118239661132e-03 2.143975216087307557e-03
-8.257193941352163620e+02 -8.255283949828766481e+02 -8.255036535602561116e+02 1.238562833649964941e-03 3.728392018983752690e-04 9.488246790669502620e-04
-8.257097406468933514e+02 -8.255196821737837354e+02 -8.254875574514131813e+02 2.333031675133095104e-04 4.448133149905927571e-04 2.269021213452211065e-04
-8.257049329503745412e+02 -8.255003620132160904e+02 -8.254842305465202799e+02 1.068534601114251147e-03 6.127087242926292391e-04 1.659022218099586365e-04
-8.257139247408613301e+02 -8.255313528996156265e+02 -8.255038807073469798e+02 1.545607995687536384e-03 1.316462869091469812e-03 1.187608991532703969e-03
-8.257088727466881437e+02 -8.255287888003106218e+02 -8.255001380111926892e+02 4.975686200568573032e-04 1.585617702662018300e-04 3.545782285409235777e-04
-8.257057631997287217e+02 -8.255163141991403108e+02 -8.254959137653557946e+02 1.048003793745226273e-03 2.527739494608185881e-04 8.246393397737193090e-04
-8.257148667077721029e+02 -8.255319328495709215e+02 -8.255086138249382657e+02 6.933125714215337531e-04 4.052355366377270317e-04 6.241269531022497052e-04
-8.257006153231913004e+02 -8.254959216416574463e+02 -8.254699197179013481e+02 5.312874090897917430e-04 1.390639864636971116e-04 4.942564029096204814e-04
-8.257127324851803678e+02 -8.255224749663858574e+02 -8.254980638077141748e+02 1.187172568604918585e-03 7.243946674638970361e-04 3.015368972405324272e-03
-8.257177566430563047e+02 -8.255115177276969689e+02 -8.254911787923030033e+02 4.487543704731956527e-05 8.838429452705697442e-04 1.889673929222187773e-04
-8.257114328542785415e+02 -8.255351166266443670e+02 -8.255038741290517237e+02 8.128901007439118340e-04 3.093196286605651851e-04 7.546485992275445533e-04
-8.257190876396279009e+02 -8.255204936767888739e+02 -8.254956167006047281e+02 6.750022890752515421e-04 9.658088154187972289e-04 4.426553116930938303e-04
-8.257083880780015761e+02 -8.255169963268903075e+02 -8.254908924722184338e+02 3.558647022933853453e-04 1.599393567385237270e-03 1.506433364472893274e-04
-8.257158216487024447e+02 -8.255095370663563017e+02 -8.254897297448007976e+02 1.899224059934408811e-04 6.426354883208621697e-04 4.693076174201132162e-04
-8.257127364824735878e+02 -8.255095122626694319e+02 -8.254943058390925898e+02 1.866324621930967598e-03 4.368012238431840679e-04 7.929453834763114470e-04
-8.257098511514500387e+02 -8.255103889321411543e+02 -8.254930279639974060e+02 1.579168972190020045e-03 6.349838401312185967e-04 1.321725405720525041e-03
-8.257112375981374726e+02 -8.255169365755151603e+02 -8.254912282663613041e+02 1.818531805971626536e-04 4.458607570543950474e-03 9.257201571329849482e-05
-8.256866278547698812e+02 -8.254790426955880775e+02 -8.254564001219596321e+02 8.413165834861432383e-04 7.577350479422383361e-04 9.626732617226077147e-04
-8.257133604697658029e+02 -8.255294838486482831e+02 -8.255107264114549253e+02 1.153543257208031929e-03 1.496712727398471186e-03 1.477017001934083926e-03
-8.257051483478179534e+02 -8.255140690872037794e+02 -8.254823109602255045e+02 4.316876099217046561e-04 1.220961676451594400e-03 1.998201465810722256e-04
-8.257108298787952663e+02 -8.255258877395082209e+02 -8.254915346240369445e+02 1.858290165888610687e-05 3.978485288806671966e-04 2.919781967171278052e-04
-8.257095882550927399e+02 -8.255196241656037728e+02 -8.255022479733246428e+02 4.056361232853710787e-04 1.646426021537044217e-04 2.939198458872080595e-04
-8.257145445130050803e+02 -8.255135098741968704e+02 -8.254968936459542874e+02 2.832246625591795558e-04 1.327776293812222891e-04 3.150389149297115436e-04
-8.257047964738750352e+02 -8.255028555705725921e+02 -8.254920818436690979e+02 2.793871736974105403e-04 3.301112489139902337e-04 1.451198039984334101e-03
-8.257126659793569843e+02 -8.255336075510501814e+02 -8.255018754849874085e+02 5.541266727079751942e-05 1.444300602185500607e-03 7.979513075221263390e-04
-8.257177964065512015e+02 -8.255251064303911335e+02 -8.255056001508801273e+02 3.039630509839342815e-04 9.961020673746889560e-04 3.484219430563574691e-04
-8.257168298041077605e+02 -8.255225163260954560e+02 -8.255128603900965345e+02 4.132450604880100729e-04 6.487634984644225248e-04 2.243071313109716775e-04
-8.257105191601608567e+02 -8.255094146232980847e+02 -8.254854905610029618e+02 1.364092174589820428e-04 4.409689222105305667e-04 9.347789138684558857e-04
-8.257052904280583334e+02 -8.255174580567053226e+02 -8.255037200708441105e+02 5.850703624412654028e-04 5.279620847076181827e-04 1.015139787694136235e-03
-8.257160153034849372e+02 -8.255215470855647482e+02 -8.255069857019340134e+02 1.305110054127760601e-04 2.881735580466721525e-04 3.709733812526479690e-04
-8.257009121324090302e+02 -8.255281198852337639e+02 -8.255038793663511569e+02 4.780031801239283161e-04 4.729297415616778117e-04 8.266280367410423248e-04
-8.257128779004905255e+02 -8.255107131462980306e+02 -8.254900464639966913e+02 1.776185548725826336e-04 2.623325712457109937e-04 8.027023954934311902e-06
-8.257023270860943285e+02 -8.255152765211049655e+02 -8.254782015566580640e+02 8.412057054050230565e-04 1.691229063868365714e-03 4.182727666181982533e-04
-8.257217865705392796e+02 -8.255248290179605419e+02 -8.254993082078231055e+02 1.710251557280741824e-03 3.575905690859830597e-04 4.309288060571184230e-04
-8.257159596277000446e+02 -8.255267011471736396e+02 -8.255064609065935883e+02 1.568799634898355739e-03 1.997781192738854838e-04 2.635302631424703171e-04
-8.257071346730849655e+02 -8.255148096223597349e+02 -8.254935108200321565e+02 4.107147933406302891e-04 3.913631556472600952e-04 1.071639645125892936e-04
-8.257059287622067814e+02 -8.254900050692198192e+02 -8.254804252745030908e+02 2.272723768856371349e-04 5.283080621462067031e-04 1.066776028769460738e-03
-8.257161394319331293e+02 -8.255117622996347109e+02 -8.254773101661695591e+02 9.504601784565687266e-04 1.388336367524411834e-04 2.184737610865881280e-03
-8.256965417340971953e+02 -8.254997683640456216e+02 -8.254709651412680387e+02 2.275537167082625027e-04 5.742865688392366567e-05 1.912154026677354013e-03
-8.257145179246600719e+02 -8.255100096609945695e+02 -8.254754046117792541e+02 1.544796280185588245e-03 5.453549396398980724e-04 5.088996651312565440e-04
-8.256993987722697739e+02 -8.255246261519980635e+02 -8.254903671783440586e+02 4.384176574333030832e-04 5.672035210452572437e-04 2.654025850708834500e-03
-8.257062665333774021e+02 -8.255220334494661074e+02 -8.254984526183402522e+02 7.654848970194773382e-04 1.232903043690518905e-03 3.526072109173190991e-05
-8.257092067308818741e+02 -8.255202674290521827e+02 -8.255067682636014297e+02 1.019499858077326957e-03 1.679503043482459979e-03 2.232220046681352072e-04
-8.257104328081518361e+02 -8.255087043498240291e+02 -8.254942762298477419e+02 7.415256405057786635e-04 5.343813069082751664e-04 5.061182239261118737e-04
-8.257115351426951975e+02 -8.255220947702804324e+02 -8.255031887462788518e+02 1.164737341135605982e-03 3.195068773051941489e-04 1.157104312254895090e-04
-8.257025080394981842e+02 -8.255085250416144618e+02 -8.254992680610439493e+02 5.336756837287223504e-04 5.517715771489207230e-04 1.138306532732975525e-03
-8.257196182843227916e+02 -8.255067534053704321e+02 -8.254999476291905012e+02 1.431721827263249822e-03 1.199453491589076151e-03 1.180898574480388413e-04
-8.257148773619128406e+02 -8.255209810048738746e+02 -8.254986023277084541e+02 7.787425175987254013e-04 1.357367005576147782e-03 1.402087220078631746e-04
-8.257122571028421589e+02 -8.255191328583899804e+02 -8.254964277954373983e+02 1.819906690622987008e-03 7.237303742040841802e-04 2.008401204846978834e-04
-8.257087687689577251e+02 -8.255052573323876004e+02 -8.254755921178150402e+02 4.902927725690061928e-04 2.985972880613878746e-05 6.863437085560235990e-04
-8.257113660960337711e+02 -8.255187436080854013e+02 -8.255012387511401357e+02 8.762941903262978088e-04 1.977765458324712202e-04 3.025925046553780526e-04
-8.257130800166445397e+02 -8.255048989444459266e+02 -8.254853678838453561e+02 1.758113724578816602e-03 1.408273298196940969e-04 1.019234651945070784e-03
-8.257085877437432373e+02 -8.255186600609099514e+02 -8.254885109241070040e+02 4.546030307637330165e-04 7.489502340145936903e-04 7.132682632060552332e-04
-8.257174683268813169e+02 -8.255158907157360773e+02 -8.254912851201204376e+02 3.273905630406439963e-04 2.591220661243596535e-04 5.438064768884603387e-04
-8.257166044973511134e+02 -8.255162903429329617e+02 -8.254910013265696307e+02 7.495665366758883126e-04 1.393010183416217409e-03 3.231253039792484098e-04
-8.257046075681314505e+02 -8.255026471841017610e+02 -8.254789546614296114e+02 2.623176746925009756e-03 6.528927409291726720e-03 8.079759009672852089e-04
-8.257098619980303056e+02 -8.255167860850200441e+02 -8.254888964349188427e+02 4.545431657660779085e-04 3.595176512058959501e-05 3.717439888984475126e-04
-8.257075646718974440e+02 -8.255269746117530758e+02 -8.254872870627044676e+02 5.733330501831915673e-04 1.629533211838606402e-03 1.088508933194558053e-03
-8.257028941658397798e+02 -8.255170623404160324e+02 -8.254911277799030813e+02 5.487364878007635130e-04 2.155905031954464797e-04 6.221038034745047466e-04
-8.257111531901598482e+02 -8.255240283994132824e+02 -8.255023680801648425e+02 1.430537646172934775e-03 2.134970125381474874e-04 8.769169970212578082e-04
-8.257224367114935148e+02 -8.255239617620894705e+02 -8.255022783136049611e+02 2.069400212819138066e-03 8.344353131268073768e-04 1.044325923890351403e-03
-8.257117406333741201e+02 -8.255259616374005418e+02 -8.255045372595869821e+02 1.568190859143462658e-04 1.275722998121805877e-03 1.945799209050808358e-03
-8.257181650133360336e+02 -8.255323209089684724e+02 -8.255093478900208765e+02 3.965203689046445487e-04 1.529171598988726200e-03 5.415633408006583155e-04
-8.257145180765090799e+02 -8.255171799555284906e+02 -8.255039838360238491e+02 9.729369397584206958e-04 6.224140829382023747e-05 8.701849822285463026e-04
-8.257146712828598538e+02 -8.255096486296653211e+02 -8.254864143318526430e+02 5.793422998862273387e-04 8.837970806780560008e-04 1.392170703347883870e-04
-8.257006067948520922e+02 -8.255260901855095881e+02 -8.254941175677366800e+02 4.367375581453911550e-04 3.769127950286280267e-04 3.469539067462112610e-04
-8.257039373264941560e+02 -8.255239602799647400e+02 -8.254908771654778548e+02 2.408628243713359775e-04 7.324708458423269918e-04 3.808992359984742079e-04
-8.257157909718214341e+02 -8.255104059411272601e+02 -8.254955314344164208e+02 4.931891815500440927e-04 1.480864230019054723e-03 4.504660097866860081e-04
-8.257028723122353995e+02 -8.255031108948039673e+02 -8.254956990623495585e+02 2.065378887445821782e-03 8.930898903589510772e-04 1.699637404569574175e-03
-8.257165162100992575e+02 -8.255156524385472494e+02 -8.255048376828901837e+02 6.160915291122085087e-04 2.279319690904194534e-06 7.768683496686293408e-04
-8.257053387477797060e+02 -8.255012494127058744e+02 -8.254778567679938988e+02 1.358793337984618441e-03 8.537416818950491985e-04 5.807403478782965358e-04
-8.256959920769095334e+02 -8.254847176670714362e+02 -8.254682613395195858e+02 5.054413362857609849e-04 1.208995421546756738e-03 1.349967052617780452e-03
-8.257061120773136054e+02 -8.255296752667326246e+02 -8.254980629672647865e+02 3.458918348229397528e-04 4.537221759658930514e-04 1.195133296887981861e-05
-8.257010705221524631e+02 -8.255075754887208177e+02 -8.254802564732083283e+02 4.951274157243085389e-04 1.553919591251358705e-04 7.536560825558063842e-04
-8.257093277584359612e+02 -8.255224011210246999e+02 -8.255058488703858757e+02 1.488090388107734066e-04 2.890856862803386704e-04 4.294851317962109470e-05
-8.257025768681888849e+02 -8.255080149082160688e+02 -8.254815734440442156e+02 8.280134000712921234e-04 9.041446786831980288e-04 6.642416918067764551e-04
-8.257163387469994404e+02 -8.255206803776900415e+02 -8.254917320403458234e+02 2.812907893962088941e-04 1.690691059468044609e-04 9.847153092016832938e-04
-8.257056947463372580e+02 -8.255090765999387941e+02 -8.254915202365465348e+02 1.967373085504163337e-03 8.705630869464505610e-04 3.976826732806780138e-04
-8.257183077060336700e+02 -8.255248808496763786e+02 -8.255035374208555368e+02 1.029849114259585299e-03 3.955358526669915651e-04 8.625348361114450050e-05
-8.256992675963284682e+02 -8.255070939052923222e+02 -8.254866160425683574e+02 2.666148341199564824e-03 6.522586926075952607e-04 3.197202188455195576e-03
-8.257154377842629174e+02 -8.255243896544976678e+02 -8.254996629654049229e+02 6.796621599596442027e-05 1.114740906008818665e-03 1.815500657803171351e-05
-8.257049037613684277e+02 -8.255162530167540353e+02 -8.254892446454002766e+02 8.968206162643884739e-04 6.656276427689050658e-04 2.021557135710689429e-03
-8.257180549860613610e+02 -8.255292393899444505e+02 -8.255073984791339399e+02 1.555139468236786671e-03 9.926482459757801635e-04 1.182399581892590312e-03
-8.257043620447149124e+02 -8.255243108616433574e+02 -8.254872753772203851e+02 6.059165554130920006e-04 3.412844415640112336e-04 7.196715628138307657e-04
-8.257135645977640479e+02 -8.255239183061598851e+02 -8.254999551087878444e+02 2.581349814551564905e-04 1.496854397446762720e-03 5.364063557516644690e-04
-8.257083837621323710e+02 -8.255216004205127547e+02 -8.254860936441210697e+02 1.405879746120810387e-03 3.283415227186762381e-04 5.751274509616876272e-04
-8.256919032528157913e+02 -8.255106553375678686e+02 -8.254843950931539212e+02 9.562502488425626184e-04 3.967096960306584286e-04 1.332141536603814345e-03
-8.257053033426775528e+02 -8.255254892900727555e+02 -8.255031464711562421e+02 1.312349271616477771e-03 6.915568779624586652e-04 7.502583113686442590e-04
-8.257194799128250224e+02 -8.255160443182679728e+02 -8.254931284690391067e+02 1.742817186438812326e-03 1.381049042591455181e-03 9.976164107974302837e-06
-8.256931516260651733e+02 -8.254827800673039064e+02 -8.254664824475090654e+02 2.029742655592286366e-03 9.486738630049227619e-04 2.019997736161944222e-04
-8.257150945680148197e+02 -8.255235046288377134e+02 -8.254986170960685286e+02 8.860825963118446882e-04 9.757074060685028529e-04 1.507015467828566038e-03
-8.257008245090006540e+02 -8.254876528866535637e+02 -8.254578133240986517e+02 1.343941024587666511e-03 3.990893579298927427e-04 2.969973392660136277e-04
-8.256985029422614843e+02 -8.255050749755475863e+02 -8.254784755440871322e+02 4.205408539942192083e-04 3.128747222122689247e-04 2.255900784213421605e-04
-8.257165998928322779e+02 -8.255137484089526652e+02 -8.254919618069745866e+02 1.070674996725844467e-04 4.854785967946439388e-04 8.139338608818191476e-04
-8.257176518411224606e+02 -8.255185775713192697e+02 -8.254991096235402210e+02 7.102420773884016028e-04 1.006895461800133128e-03 6.967795313465879490e-04
-8.257026335303962696e+02 -8.255347212266800625e+02 -8.254985896422975884e+02 4.893197019180380112e-04 1.969754039229270378e-04 3.045992943979666540e-03
-8.256904996295180581e+02 -8.254987828651602513e+02 -8.254777925717778544e+02 1.594905820079672333e-03 4.418473787404918630e-04 1.607309911310657975e-04
-8.257076495857878626e+02 -8.255082862879289678e+02 -8.254977449389406274e+02 3.996744838650476204e-04 4.924065954216618737e-04 7.458885577271929862e-04
-8.257086584119746249e+02 -8.255140930068431544e+02 -8.254837876212296806e+02 1.193917952306479185e-03 2.142058753314918761e-03 2.785791712234952575e-03
