-8.257188712758439806e+02 -8.255345897046042865e+02 -8.255106594977249870e+02 4.575216140564069178e-04 3.003513711954651239e-03 3.274276406647691007e-04
-8.257200964283903204e+02 -8.255290167047079422e+02 -8.255027611912729526e+02 1.632640284862959699e-03 5.419280573244971517e-04 3.468909303058231885e-04
-8.257092990043655618e+02 -8.255205048061339994e+02 -8.254879854224035398e+02 6.318999055847708025e-04 5.647337508645013148e-04 2.361994826207220591e-05
-8.257035096663599916e+02 -8.255003247126101087e+02 -8.254837383072975854e+02 5.477615366521546968e-04 1.079482403662292058e-03 2.139668886038558935e-04
-8.257146406599036936e+02 -8.255301730601451027e+02 -8.255057430506091123e+02 5.802374115636758749e-04 1.615218640411780109e-03 2.575476497261424682e-04
-8.257093308381163297e+02 -8.255285213461398826e+02 -8.254991523262366400e+02 1.075964903519708920e-03 6.396499666103162580e-04 7.115801908993163341e-05
-8.257057680792637484e+02 -8.255156895481744641e+02 -8.254956910656054561e+02 1.172378744905014586e-03 3.530560497428584621e-04 3.988585861181961683e-04
-8.257149407796844116e+02 -8.255320032528211414e+02 -8.255081121304403950e+02 1.586206184413845033e-03 4.595271219655117393e-04 2.526273111059966557e-04
-8.257018535281396225e+02 -8.254958696936937486e+02 -8.254701074114650510e+02 2.263191514215980027e-03 1.787592563087748911e-04 3.926444321285181799e-04
-8.257138106114434777e+02 -8.255223668050617789e+02 -8.254984861884204292e+02 8.812451515062267367e-04 1.867304958287101550e-03 7.762430941293662224e-04
-8.257181741888718989e+02 -8.255111676599248085e+02 -8.254907922541516427e+02 3.818767707988280995e-04 7.536946701934450765e-04 7.278535112435694909e-04
-8.257116720472006364e+02 -8.255344428393899534e+02 -8.255036699122779282e+02 1.947433180748798457e-04 9.063450864840221161e-04 6.545987006047184961e-04
-8.257196817820640717e+02 -8.255202331642009312e+02 -8.254953060465464887e+02 1.082163435349921016e-04 6.838905642167889985e-04 4.649424737015929606e-04
-8.257091577828460913e+02 -8.255173077793864422e+02 -8.254907000168218474e+02 6.067023323939204184e-04 2.697931021875168544e-04 5.220623836347513570e-04
-8.257169336790051375e+02 -8.255101552568282841e+02 -8.254900019398053246e+02 8.912502553498086871e-04 3.317287279707996817e-04 1.026650915185884153e-03
-8.257129055977890175e+02 -8.255086487889875571e+02 -8.254948392425452539e+02 1.516738760023475746e-06 9.165948809604150364e-04 1.155201712338680027e-03
-8.257109713420281878e+02 -8.255109203672953981e+02 -8.254929257370046116e+02 1.572835105410469708e-03 2.218577075436926893e-03 1.390466543200431608e-03
-8.257118461974346246e+02 -8.255155269164943093e+02 -8.254908401131947357e+02 8.346219009958520544e-04 4.044598445297844548e-03 2.431122411057167170e-04
-8.256857262351454665e+02 -8.254775955681029700e+02 -8.254567291380800498e+02 1.060973817678184270e-03 6.059206704433450731e-04 3.610437989770628607e-04
-8.257133659770839813e+02 -8.255282363791478701e+02 -8.255100271376402361e+02 9.609368751282334055e-05 1.753019654994894885e-03 1.032417039856422110e-04
-8.257055492133648613e+02 -8.255151823762497543e+02 -8.254808101840362724e+02 4.699123672916100591e-04 4.935416011961638256e-04 5.703279215526705758e-04
-8.257108951131986032e+02 -8.255261112105348502e+02 -8.254913438156930852e+02 8.224849807203157837e-04 7.946897138780823064e-04 6.555204724863241935e-04
-8.257099043163359511e+02 -8.255195598147820419e+02 -8.255016234177421666e+02 1.283042903253050560e-03 5.063885915006651568e-04 1.695884837589690843e-04
-8.257158015330393255e+02 -8.255146295549911883e+02 -8.254976604780832758e+02 6.677744453263353714e-04 6.433196546177250962e-04 3.476839585279053210e-04
-8.257052457658235198e+02 -8.255040425443205550e+02 -8.254926880107543639e+02 7.919788057038343646e-05 9.555515788342324032e-04 2.029904436339555868e-04
-8.257129680056331154e+02 -8.255338760248698691e+02 -8.255017890997079348e+02 9.717481611293086064e-04 5.227658562291028236e-04 1.005721622028810406e-03
-8.257188504517725960e+02 -8.255255819333176532e+02 -8.255063404943909973e+02 1.505344005197799696e-03 2.159260005276614301e-03 5.124696796735641637e-04
-8.257166266284370977e+02 -8.255226070669901901e+02 -8.255128997951189831e+02 1.755952962077384416e-03 1.325596755073139062e-03 1.844148026698605230e-03
-8.257105474894545978e+02 -8.255109633640099673e+02 -8.254856822875644866e+02 7.589510762980941497e-04 5.772982900830673364e-04 2.238020736509405834e-03
-8.257051701625259739e+02 -8.255173747339689498e+02 -8.255047336750220666e+02 1.388088650341632972e-03 6.653599251153934947e-04 2.939209346510993320e-04
-8.257166085303198315e+02 -8.255212484427744357e+02 -8.255066513292886157e+02 1.271075862097515536e-03 9.275546820325375735e-04 4.778059566472751059e-04
-8.257027422009405200e+02 -8.255279614714925174e+02 -8.255038353130513542e+02 1.765017550321876846e-03 6.201926808162686912e-04 5.019421333700945123e-06
-8.257126785068004438e+02 -8.255102542322039199e+02 -8.254894302397899537e+02 7.156011423852327630e-05 6.369484240554754411e-04 3.695364640020639920e-04
-8.257019317000142564e+02 -8.255147414476297172e+02 -8.254796757848806692e+02 3.171762344548012904e-04 4.635568846208723277e-04 3.550080176379768809e-04
-8.257224595047564435e+02 -8.255239287632043670e+02 -8.254999494987142725e+02 1.798277505115209677e-03 1.322400266617013240e-04 7.259138121491644485e-04
-8.257157950435884004e+02 -8.255264239610837649e+02 -8.255074311173599426e+02 8.459979835727862306e-05 3.744551325603097668e-05 9.836156589004155324e-04
-8.257071562652149623e+02 -8.255146805290381735e+02 -8.254942132708172267e+02 1.593496646219550112e-03 5.738185916110312423e-04 2.702455031059124656e-04
-8.257055474381234035e+02 -8.254891660829943021e+02 -8.254798126370769751e+02 1.086217728989232042e-03 2.542044826431257227e-04 4.098850937129209647e-04
-8.257161572713584974e+02 -8.255123242240425725e+02 -8.254774254891186729e+02 1.829094407693056636e-04 6.413428799789731936e-04 1.245953024696641164e-03
-8.256960942303047659e+02 -8.254985270812001090e+02 -8.254698678768817217e+02 1.363649590319096537e-03 7.632267471073350771e-04 1.968157516112209286e-03
-8.257136647762029042e+02 -8.255106516724765697e+02 -8.254763018565039374e+02 9.272471228241992375e-04 2.998253104036276433e-04 4.562011394280710225e-04
-8.256973512592279576e+02 -8.255226861639990830e+02 -8.254923945151625730e+02 2.919285507664134884e-03 1.891136987110518834e-03 3.022992262440975264e-04
-8.257060663218762784e+02 -8.255210197705496284e+02 -8.254991021015067645e+02 2.120445172950239949e-03 1.219233113604692616e-03 1.661822903208873281e-04
-8.257088618055505549e+02 -8.255191978480318085e+02 -8.255069815778413158e+02 1.315470086019050180e-03 1.202935987835477508e-03 4.118772448137042485e-04
-8.257111721865612708e+02 -8.255082683421807133e+02 -8.254963833072296211e+02 7.309609902028146085e-04 7.316776971821795225e-04 7.642567000704036072e-04
-8.257104657920502859e+02 -8.255209978578228629e+02 -8.255022292407671785e+02 6.219210043941408644e-05 1.384477691678443097e-03 2.002054001016999926e-03
-8.257010536070853277e+02 -8.255102885133833297e+02 -8.254998203796675398e+02 7.887703131460397504e-04 4.196720108608777383e-04 1.867957496640489101e-03
-8.257199671889823094e+02 -8.255057309437426056e+02 -8.255005949516489636e+02 4.861208895933719358e-04 3.478173977594079241e-04 1.315827189609298196e-03
-8.257144982612621789e+02 -8.255214863198843886e+02 -8.254974498289959683e+02 2.279402410111887843e-03 6.751515401987134802e-04 5.812136290136064127e-04
-8.257111349723280682e+02 -8.255189562222244604e+02 -8.254957932768197679e+02 5.881564830236794421e-05 9.364724379356227039e-04 8.256490572511176063e-04
-8.257101526578437642e+02 -8.255052308842634829e+02 -8.254763156540403770e+02 6.387399059597934428e-04 6.781549268259154254e-04 6.198665880425810503e-04
-8.257097102649827320e+02 -8.255172758768629819e+02 -8.255000332926972533e+02 1.491092269826332353e-03 2.111202385811171162e-03 4.476311087335512807e-04
-8.257125187900711580e+02 -8.255044826683308656e+02 -8.254855923534117892e+02 6.027738919005669891e-04 3.415699079502052091e-04 1.226587494462990421e-03
-8.257072471594058243e+02 -8.255192281332693938e+02 -8.254886607228722823e+02 9.317987948544791569e-06 4.992802640971163042e-04 2.489421124908622091e-04
-8.257171631802937100e+02 -8.255157085790061728e+02 -8.254909896981698694e+02 9.582783663041608479e-04 2.926760248879610102e-04 1.377073722101145731e-03
-8.257158660481338757e+02 -8.255168432882412617e+02 -8.254914968457350142e+02 9.061859678528574272e-04 2.120183576367597677e-04 7.009469998039073420e-04
-8.257052379073907105e+02 -8.255009297425569912e+02 -8.254780552362058188e+02 2.612771324725172810e-03 5.150250830392597012e-03 2.031501901785215738e-03
-8.257101472450208348e+02 -8.255173577560021840e+02 -8.254886554968163637e+02 1.631969321470831333e-03 1.172458637032377940e-03 1.973898472819453050e-04
-8.257066937495062575e+02 -8.255264685483932681e+02 -8.254868750303953675e+02 2.035821670131777485e-03 6.914719039915823628e-04 1.679773824365664455e-04
-8.257025376190009638e+02 -8.255173467295281853e+02 -8.254904391647143029e+02 1.367280878436117914e-03 5.053633200238050833e-04 7.223839229568733075e-04
-8.257114860200515523e+02 -8.255234234113695493e+02 -8.255028166131658054e+02 1.790913748616755380e-04 7.856707522805697922e-04 3.706648653463345740e-05
-8.257223954846982679e+02 -8.255244446202844983e+02 -8.255028655053453122e+02 6.899706907758734959e-04 4.232464107100700180e-04 7.410259930767860341e-04
-8.257125054261005062e+02 -8.255254314973877854e+02 -8.255054097889152445e+02 2.476575894947302420e-03 8.357588032444723770e-04 2.526658649661465451e-03
-8.257184786117616113e+02 -8.255321642241357267e+02 -8.255089966632079950e+02 1.598520843669367850e-03 1.400697309029726514e-03 2.822644651680999007e-04
-8.257143521580522929e+02 -8.255172265353913872e+02 -8.255038779789368846e+02 5.369606410339305361e-04 1.721396592002690234e-04 2.060724416232866205e-04
-8.257147053075977965e+02 -8.255109972598567083e+02 -8.254862725546610136e+02 2.600898022765767061e-03 2.796648635092827931e-04 9.651233022764745982e-05
-8.257009968603003927e+02 -8.255259823448647012e+02 -8.254947170429757080e+02 4.057804854174809042e-04 1.285468328119272752e-04 6.742935061453902111e-04
-8.257044194105100132e+02 -8.255242728427164138e+02 -8.254917000516090866e+02 4.965805412536711608e-04 3.387607008551800597e-04 4.239189173921634451e-05
-8.257153889650370502e+02 -8.255101406064802632e+02 -8.254945424783359158e+02 2.802033763208400230e-04 1.295124441492856741e-03 2.411727455459697150e-04
-8.257031896109151603e+02 -8.255041381079851135e+02 -8.254940927483852420e+02 3.609133814742241492e-04 3.622993143800965084e-04 9.586972844950619483e-04
-8.257172951255143971e+02 -8.255158917512384278e+02 -8.255044825402562765e+02 2.387193314973158739e-04 1.050521954692734379e-03 6.689036197808866492e-04
-8.257067160010353746e+02 -8.255012282017488587e+02 -8.254775311920174090e+02 7.084779203664489603e-04 1.004824237626458739e-03 1.156458284741719534e-03
-8.256962849402474376e+02 -8.254851190198936592e+02 -8.254684117318693097e+02 3.660428023718236218e-04 7.120198401303132326e-04 1.279957456424240386e-03
-8.257068270704131692e+02 -8.255286366488695649e+02 -8.254965818197472345e+02 8.054882464901219705e-04 6.299295169995385501e-04 1.991159073048454379e-04
-8.257005115427841702e+02 -8.255068369506311683e+02 -8.254799150009442883e+02 2.671557730684204083e-04 5.901065896118379414e-04 3.923322986370845816e-04
-8.257104843999693458e+02 -8.255220728392010869e+02 -8.255064030948298068e+02 6.218070560877104764e-04 3.632947382981617371e-05 2.682988515965677710e-04
-8.257024158873958868e+02 -8.255075145979217268e+02 -8.254809261990089908e+02 8.967580979424181955e-05 9.377303142650626581e-04 1.283626058692889855e-04
-8.257162167254850829e+02 -8.255212175959808292e+02 -8.254925806228959573e+02 1.701212985454516452e-04 1.891609360422641373e-04 7.965372542187246782e-04
-8.257056118892782024e+02 -8.255096938842815462e+02 -8.254911920876891145e+02 4.948404607841306582e-04 6.516523166331468541e-04 1.075460319642606688e-04
-8.257178581415115559e+02 -8.255250140750847549e+02 -8.255029854940082714e+02 1.725755510283289568e-04 2.425267578268517631e-05 2.827637284998718126e-04
-8.257012043017774658e+02 -8.255059887317686389e+02 -8.254851952333775671e+02 1.984441289988942564e-03 1.729587346213356906e-03 2.110266949692210688e-03
-8.257152551967603813e+02 -8.255238608616621150e+02 -8.254995298593267989e+02 4.296154005949077764e-05 1.457110662530129459e-03 7.576286291891998671e-06
-8.257036253060823583e+02 -8.255148367968791945e+02 -8.254882501897142220e+02 2.168037341361716067e-03 1.184005381954878876e-03 1.511768381277924195e-04
-8.257177359387380875e+02 -8.255288012932303445e+02 -8.255068922929185646e+02 6.497364800630693084e-04 1.227529910317613272e-04 1.022472362077934439e-03
-8.257056487043000743e+02 -8.255249871993173656e+02 -8.254872614044018064e+02 5.219697672352477218e-04 5.964196095454607060e-04 1.026659249707977681e-03
-8.257139708899695734e+02 -8.255234024976248293e+02 -8.255005347490513259e+02 5.513334120287453118e-04 4.508753896420533724e-04 1.126539044122079440e-03
-8.257078334803211419e+02 -8.255208147000273584e+02 -8.254865357982730529e+02 1.083199479699751324e-04 3.705521650013635776e-05 2.901158835228111359e-05
-8.256906897200666435e+02 -8.255097511511713719e+02 -8.254844865766579005e+02 1.400294095811277864e-04 2.001744213326312957e-03 9.698869972015219769e-04
-8.257048227013525548e+02 -8.255257927467008585e+02 -8.255027613648727538e+02 1.531513474721214567e-03 1.473382502923117765e-05 4.298650685151093084e-04
-8.257193956093580027e+02 -8.255167554225120057e+02 -8.254931762290822235e+02 2.185050704364028000e-04 2.078123468242455089e-03 1.510818853810793477e-03
-8.256926749438700881e+02 -8.254826895435760434e+02 -8.254666749316324967e+02 3.087538130879199537e-04 9.675528278035731887e-04 5.006132432028504494e-04
-8.257155884859220123e+02 -8.255242096773873755e+02 -8.254985444909626722e+02 3.364918915125151926e-04 4.510025404750766837e-04 1.050203978726176046e-03
-8.257007206695700461e+02 -8.254875833153338363e+02 -8.254582426008893208e+02 3.900959850726195828e-04 1.512023154108270071e-04 1.605982231007118104e-04
-8.256982387863452004e+02 -8.255049871389646796e+02 -8.254792969608986368e+02 5.937354240632518191e-04 1.515794973689549882e-04 6.325093709752103608e-04
-8.257174907414844256e+02 -8.255136064885512042e+02 -8.254922280517690751e+02 2.285986112706462649e-04 5.222390325273513351e-04 3.386046425231114296e-04
-8.257171999696199691e+02 -8.255178740280813372e+02 -8.254991855522312107e+02 3.170575701567513848e-04 2.581676309478729515e-04 2.010295016849451355e-04
-8.257037897217336422e+02 -8.255348727373465181e+02 -8.254983547080155404e+02 3.325114785434632805e-03 1.310390899706118887e-03 3.417427971426587833e-03
-8.256896037101171260e+02 -8.254980616054638176e+02 -8.254778807697524599e+02 8.682948514335000166e-04 1.206769291710817508e-03 6.903543966200950677e-04
-8.257089030799628517e+02 -8.255085612257209959e+02 -8.254974985661278879e+02 2.841989495967926836e-04 1.366460905174799161e-03 1.531468602371975889e-03
-8.257067241415118133e+02 -8.255129649371948517e+02 -8.254821920294563142e+02 3.056476028311951986e-03 5.119979754828118609e-04 1.520696939454480555e-03
-8.257188712758439806e+02 -8.255345897046042865e+02 -8.255106594977249870e+02 4.575216140564069178e-04 3.003513711954651239e-03 3.274276406647691007e-04
-8.257200964283903204e+02 -8.255290167047079422e+02 -8.255027611912729526e+02 1.632640284862959699e-03 5.419280573244971517e-04 3.468909303058231885e-04
-8.257092990043655618e+02 -8.255205048061339994e+02 -8.254879854224035398e+02 6.318999055847708025e-04 5.647337508645013148e-04 2.361994826207220591e-05
-8.257035096663599916e+02 -8.255003247126101087e+02 -8.254837383072975854e+02 5.477615366521546968e-04 1.079482403662292058e-03 2.139668886038558935e-04
-8.257146406599036936e+02 -8.255301730601451027e+02 -8.255057430506091123e+02 5.802374115636758749e-04 1.615218640411780109e-03 2.575476497261424682e-04
-8.257093308381163297e+02 -8.255285213461398826e+02 -8.254991523262366400e+02 1.075964903519708920e-03 6.396499666103162580e-04 7.115801908993163341e-05
-8.257057680792637484e+02 -8.255156895481744641e+02 -8.254956910656054561e+02 1.172378744905014586e-03 3.530560497428584621e-04 3.988585861181961683e-04
-8.257149407796844116e+02 -8.255320032528211414e+02 -8.255081121304403950e+02 1.586206184413845033e-03 4.595271219655117393e-04 2.526273111059966557e-04
-8.257018535281396225e+02 -8.254958696936937486e+02 -8.254701074114650510e+02 2.263191514215980027e-03 1.787592563087748911e-04 3.926444321285181799e-04
-8.257138106114434777e+02 -8.255223668050617789e+02 -8.254984861884204292e+02 8.812451515062267367e-04 1.867304958287101550e-03 7.762430941293662224e-04
-8.257181741888718989e+02 -8.255111676599248085e+02 -8.254907922541516427e+02 3.818767707988280995e-04 7.536946701934450765e-04 7.278535112435694909e-04
-8.257116720472006364e+02 -8.255344428393899534e+02 -8.255036699122779282e+02 1.947433180748798457e-04 9.063450864840221161e-04 6.545987006047184961e-04
-8.257196817820640717e+02 -8.255202331642009312e+02 -8.254953060465464887e+02 1.082163435349921016e-04 6.838905642167889985e-04 4.649424737015929606e-04
-8.257091577828460913e+02 -8.255173077793864422e+02 -8.254907000168218474e+02 6.067023323939204184e-04 2.697931021875168544e-04 5.220623836347513570e-04
-8.257169336790051375e+02 -8.255101552568282841e+02 -8.254900019398053246e+02 8.912502553498086871e-04 3.317287279707996817e-04 1.026650915185884153e-03
-8.257129055977890175e+02 -8.255086487889875571e+02 -8.254948392425452539e+02 1.516738760023475746e-06 9.165948809604150364e-04 1.155201712338680027e-03
-8.257109713420281878e+02 -8.255109203672953981e+02 -8.254929257370046116e+02 1.572835105410469708e-03 2.218577075436926893e-03 1.390466543200431608e-03
-8.257118461974346246e+02 -8.255155269164943093e+02 -8.254908401131947357e+02 8.346219009958520544e-04 4.044598445297844548e-03 2.431122411057167170e-04
-8.256857262351454665e+02 -8.254775955681029700e+02 -8.254567291380800498e+02 1.060973817678184270e-03 6.059206704433450731e-04 3.610437989770628607e-04
-8.257133659770839813e+02 -8.255282363791478701e+02 -8.255100271376402361e+02 9.609368751282334055e-05 1.753019654994894885e-03 1.032417039856422110e-04
-8.257055492133648613e+02 -8.255151823762497543e+02 -8.254808101840362724e+02 4.699123672916100591e-04 4.935416011961638256e-04 5.703279215526705758e-04
-8.257108951131986032e+02 -8.255261112105348502e+02 -8.254913438156930852e+02 8.224849807203157837e-04 7.946897138780823064e-04 6.555204724863241935e-04
-8.257099043163359511e+02 -8.255195598147820419e+02 -8.255016234177421666e+02 1.283042903253050560e-03 5.063885915006651568e-04 1.695884837589690843e-04
-8.257158015330393255e+02 -8.255146295549911883e+02 -8.254976604780832758e+02 6.677744453263353714e-04 6.433196546177250962e-04 3.476839585279053210e-04
-8.257052457658235198e+02 -8.255040425443205550e+02 -8.254926880107543639e+02 7.919788057038343646e-05 9.555515788342324032e-04 2.029904436339555868e-04
-8.257129680056331154e+02 -8.255338760248698691e+02 -8.255017890997079348e+02 9.717481611293086064e-04 5.227658562291028236e-04 1.005721622028810406e-03
-8.257188504517725960e+02 -8.255255819333176532e+02 -8.255063404943909973e+02 1.505344005197799696e-03 2.159260005276614301e-03 5.124696796735641637e-04
-8.257166266284370977e+02 -8.255226070669901901e+02 -8.255128997951189831e+02 1.755952962077384416e-03 1.325596755073139062e-03 1.844148026698605230e-03
-8.257105474894545978e+02 -8.255109633640099673e+02 -8.254856822875644866e+02 7.589510762980941497e-04 5.772982900830673364e-04 2.238020736509405834e-03
-8.257051701625259739e+02 -8.255173747339689498e+02 -8.255047336750220666e+02 1.388088650341632972e-03 6.653599251153934947e-04 2.939209346510993320e-04
-8.257166085303198315e+02 -8.255212484427744357e+02 -8.255066513292886157e+02 1.271075862097515536e-03 9.275546820325375735e-04 4.778059566472751059e-04
-8.257027422009405200e+02 -8.255279614714925174e+02 -8.255038353130513542e+02 1.765017550321876846e-03 6.201926808162686912e-04 5.019421333700945123e-06
-8.257126785068004438e+02 -8.255102542322039199e+02 -8.254894302397899537e+02 7.156011423852327630e-05 6.369484240554754411e-04 3.695364640020639920e-04
-8.257019317000142564e+02 -8.255147414476297172e+02 -8.254796757848806692e+02 3.171762344548012904e-04 4.635568846208723277e-04 3.550080176379768809e-04
-8.257224595047564435e+02 -8.255239287632043670e+02 -8.254999494987142725e+02 1.798277505115209677e-03 1.322400266617013240e-04 7.259138121491644485e-04
-8.257157950435884004e+02 -8.255264239610837649e+02 -8.255074311173599426e+02 8.459979835727862306e-05 3.744551325603097668e-05 9.836156589004155324e-04
-8.257071562652149623e+02 -8.255146805290381735e+02 -8.254942132708172267e+02 1.593496646219550112e-03 5.738185916110312423e-04 2.702455031059124656e-04
-8.257055474381234035e+02 -8.254891660829943021e+02 -8.254798126370769751e+02 1.086217728989232042e-03 2.542044826431257227e-04 4.098850937129209647e-04
-8.257161572713584974e+02 -8.255123242240425725e+02 -8.254774254891186729e+02 1.829094407693056636e-04 6.413428799789731936e-04 1.245953024696641164e-03
-8.256960942303047659e+02 -8.254985270812001090e+02 -8.254698678768817217e+02 1.363649590319096537e-03 7.632267471073350771e-04 1.968157516112209286e-03
-8.257136647762029042e+02 -8.255106516724765697e+02 -8.254763018565039374e+02 9.272471228241992375e-04 2.998253104036276433e-04 4.562011394280710225e-04
-8.256973512592279576e+02 -8.255226861639990830e+02 -8.254923945151625730e+02 2.919285507664134884e-03 1.891136987110518834e-03 3.022992262440975264e-04
-8.257060663218762784e+02 -8.255210197705496284e+02 -8.254991021015067645e+02 2.120445172950239949e-03 1.219233113604692616e-03 1.661822903208873281e-04
-8.257088618055505549e+02 -8.255191978480318085e+02 -8.255069815778413158e+02 1.315470086019050180e-03 1.202935987835477508e-03 4.118772448137042485e-04
-8.257111721865612708e+02 -8.255082683421807133e+02 -8.254963833072296211e+02 7.309609902028146085e-04 7.316776971821795225e-04 7.642567000704036072e-04
-8.257104657920502859e+02 -8.255209978578228629e+02 -8.255022292407671785e+02 6.219210043941408644e-05 1.384477691678443097e-03 2.002054001016999926e-03
-8.257010536070853277e+02 -8.255102885133833297e+02 -8.254998203796675398e+02 7.887703131460397504e-04 4.196720108608777383e-04 1.867957496640489101e-03
-8.257199671889823094e+02 -8.255057309437426056e+02 -8.255005949516489636e+02 4.861208895933719358e-04 3.478173977594079241e-04 1.315827189609298196e-03
-8.257144982612621789e+02 -8.255214863198843886e+02 -8.254974498289959683e+02 2.279402410111887843e-03 6.751515401987134802e-04 5.812136290136064127e-04
-8.257111349723280682e+02 -8.255189562222244604e+02 -8.254957932768197679e+02 5.881564830236794421e-05 9.364724379356227039e-04 8.256490572511176063e-04
-8.257101526578437642e+02 -8.255052308842634829e+02 -8.254763156540403770e+02 6.387399059597934428e-04 6.781549268259154254e-04 6.198665880425810503e-04
-8.257097102649827320e+02 -8.255172758768629819e+02 -8.255000332926972533e+02 1.491092269826332353e-03 2.111202385811171162e-03 4.476311087335512807e-04
-8.257125187900711580e+02 -8.255044826683308656e+02 -8.254855923534117892e+02 6.027738919005669891e-04 3.415699079502052091e-04 1.226587494462990421e-03
-8.257072471594058243e+02 -8.255192281332693938e+02 -8.254886607228722823e+02 9.317987948544791569e-06 4.992802640971163042e-04 2.489421124908622091e-04
-8.257171631802937100e+02 -8.255157085790061728e+02 -8.254909896981698694e+02 9.582783663041608479e-04 2.926760248879610102e-04 1.377073722101145731e-03
-8.257158660481338757e+02 -8.255168432882412617e+02 -8.254914968457350142e+02 9.061859678528574272e-04 2.120183576367597677e-04 7.009469998039073420e-04
-8.257052379073907105e+02 -8.255009297425569912e+02 -8.254780552362058188e+02 2.612771324725172810e-03 5.150250830392597012e-03 2.031501901785215738e-03
-8.257101472450208348e+02 -8.255173577560021840e+02 -8.254886554968163637e+02 1.631969321470831333e-03 1.172458637032377940e-03 1.973898472819453050e-04
-8.257066937495062575e+02 -8.255264685483932681e+02 -8.254868750303953675e+02 2.035821670131777485e-03 6.914719039915823628e-04 1.679773824365664455e-04
-8.257025376190009638e+02 -8.255173467295281853e+02 -8.254904391647143029e+02 1.367280878436117914e-03 5.053633200238050833e-04 7.223839229568733075e-04
-8.257114860200515523e+02 -8.255234234113695493e+02 -8.255028166131658054e+02 1.790913748616755380e-04 7.856707522805697922e-04 3.706648653463345740e-05
-8.257223954846982679e+02 -8.255244446202844983e+02 -8.255028655053453122e+02 6.899706907758734959e-04 4.232464107100700180e-04 7.410259930767860341e-04
-8.257125054261005062e+02 -8.255254314973877854e+02 -8.255054097889152445e+02 2.476575894947302420e-03 8.357588032444723770e-04 2.526658649661465451e-03
-8.257184786117616113e+02 -8.255321642241357267e+02 -8.255089966632079950e+02 1.598520843669367850e-03 1.400697309029726514e-03 2.822644651680999007e-04
-8.257143521580522929e+02 -8.255172265353913872e+02 -8.255038779789368846e+02 5.369606410339305361e-04 1.721396592002690234e-04 2.060724416232866205e-04
-8.257147053075977965e+02 -8.255109972598567083e+02 -8.254862725546610136e+02 2.600898022765767061e-03 2.796648635092827931e-04 9.651233022764745982e-05
-8.257009968603003927e+02 -8.255259823448647012e+02 -8.254947170429757080e+02 4.057804854174809042e-04 1.285468328119272752e-04 6.742935061453902111e-04
-8.257044194105100132e+02 -8.255242728427164138e+02 -8.254917000516090866e+02 4.965805412536711608e-04 3.387607008551800597e-04 4.239189173921634451e-05
-8.257153889650370502e+02 -8.255101406064802632e+02 -8.254945424783359158e+02 2.802033763208400230e-04 1.295124441492856741e-03 2.411727455459697150e-04
-8.257031896109151603e+02 -8.255041381079851135e+02 -8.254940927483852420e+02 3.609133814742241492e-04 3.622993143800965084e-04 9.586972844950619483e-04
-8.257172951255143971e+02 -8.255158917512384278e+02 -8.255044825402562765e+02 2.387193314973158739e-04 1.050521954692734379e-03 6.689036197808866492e-04
-8.257067160010353746e+02 -8.255012282017488587e+02 -8.254775311920174090e+02 7.084779203664489603e-04 1.004824237626458739e-03 1.156458284741719534e-03
-8.256962849402474376e+02 -8.254851190198936592e+02 -8.254684117318693097e+02 3.660428023718236218e-04 7.120198401303132326e-04 1.279957456424240386e-03
-8.257068270704131692e+02 -8.255286366488695649e+02 -8.254965818197472345e+02 8.054882464901219705e-04 6.299295169995385501e-04 1.991159073048454379e-04
-8.257005115427841702e+02 -8.255068369506311683e+02 -8.254799150009442883e+02 2.671557730684204083e-04 5.901065896118379414e-04 3.923322986370845816e-04
-8.257104843999693458e+02 -8.255220728392010869e+02 -8.255064030948298068e+02 6.218070560877104764e-04 3.632947382981617371e-05 2.682988515965677710e-04
-8.257024158873958868e+02 -8.255075145979217268e+02 -8.254809261990089908e+02 8.967580979424181955e-05 9.377303142650626581e-04 1.283626058692889855e-04
-8.257162167254850829e+02 -8.255212175959808292e+02 -8.254925806228959573e+02 1.701212985454516452e-04 1.891609360422641373e-04 7.965372542187246782e-04
-8.257056118892782024e+02 -8.255096938842815462e+02 -8.254911920876891145e+02 4.948404607841306582e-04 6.516523166331468541e-04 1.075460319642606688e-04
-8.257178581415115559e+02 -8.255250140750847549e+02 -8.255029854940082714e+02 1.725755510283289568e-04 2.425267578268517631e-05 2.827637284998718126e-04
-8.257012043017774658e+02 -8.255059887317686389e+02 -8.254851952333775671e+02 1.984441289988942564e-03 1.729587346213356906e-03 2.110266949692210688e-03
-8.257152551967603813e+02 -8.255238608616621150e+02 -8.254995298593267989e+02 4.296154005949077764e-05 1.457110662530129459e-03 7.576286291891998671e-06
-8.257036253060823583e+02 -8.255148367968791945e+02 -8.254882501897142220e+02 2.168037341361716067e-03 1.184005381954878876e-03 1.511768381277924195e-04
-8.257177359387380875e+02 -8.255288012932303445e+02 -8.255068922929185646e+02 6.497364800630693084e-04 1.227529910317613272e-04 1.022472362077934439e-03
-8.257056487043000743e+02 -8.255249871993173656e+02 -8.254872614044018064e+02 5.219697672352477218e-04 5.964196095454607060e-04 1.026659249707977681e-03
-8.257139708899695734e+02 -8.255234024976248293e+02 -8.255005347490513259e+02 5.513334120287453118e-04 4.508753896420533724e-04 1.126539044122079440e-03
-8.257078334803211419e+02 -8.255208147000273584e+02 -8.254865357982730529e+02 1.083199479699751324e-04 3.705521650013635776e-05 2.901158835228111359e-05
-8.256906897200666435e+02 -8.255097511511713719e+02 -8.254844865766579005e+02 1.400294095811277864e-04 2.001744213326312957e-03 9.698869972015219769e-04
-8.257048227013525548e+02 -8.255257927467008585e+02 -8.255027613648727538e+02 1.531513474721214567e-03 1.473382502923117765e-05 4.298650685151093084e-04
-8.257193956093580027e+02 -8.255167554225120057e+02 -8.254931762290822235e+02 2.185050704364028000e-04 2.078123468242455089e-03 1.510818853810793477e-03
-8.256926749438700881e+02 -8.254826895435760434e+02 -8.254666749316324967e+02 3.087538130879199537e-04 9.675528278035731887e-04 5.006132432028504494e-04
-8.257155884859220123e+02 -8.255242096773873755e+02 -8.254985444909626722e+02 3.364918915125151926e-04 4.510025404750766837e-04 1.050203978726176046e-03
-8.257007206695700461e+02 -8.254875833153338363e+02 -8.254582426008893208e+02 3.900959850726195828e-04 1.512023154108270071e-04 1.605982231007118104e-04
-8.256982387863452004e+02 -8.255049871389646796e+02 -8.254792969608986368e+02 5.937354240632518191e-04 1.515794973689549882e-04 6.325093709752103608e-04
-8.257174907414844256e+02 -8.255136064885512042e+02 -8.254922280517690751e+02 2.285986112706462649e-04 5.222390325273513351e-04 3.386046425231114296e-04
-8.257171999696199691e+02 -8.255178740280813372e+02 -8.254991855522312107e+02 3.170575701567513848e-04 2.581676309478729515e-04 2.010295016849451355e-04
-8.257037897217336422e+02 -8.255348727373465181e+02 -8.254983547080155404e+02 3.325114785434632805e-03 1.310390899706118887e-03 3.417427971426587833e-03
-8.256896037101171260e+02 -8.254980616054638176e+02 -8.254778807697524599e+02 8.682948514335000166e-04 1.206769291710817508e-03 6.903543966200950677e-04
-8.257089030835912808e+02 -8.255085612208323482e+02 -8.254974985660577431e+02 2.842089280890233174e-04 1.366467818735700446e-03 1.531492495053087682e-03
-8.257067241366435155e+02 -8.255129649127982248e+02 -8.254821920379037010e+02 3.056478758588060483e-03 5.119909962198263952e-04 1.520696989085551292e-03
